"lang","date","count"
"Swedish","2016-11-06",3
"Swedish","2016-11-07",0
"Swedish","2016-11-08",0
"Swedish","2016-11-09",0
"Swedish","2016-11-10",0
"Swedish","2016-11-11",1
"Swedish","2016-11-12",3
"Swedish","2016-11-13",2
"Swedish","2016-11-14",0
"Swedish","2016-11-15",3
"Swedish","2016-11-16",1
"Swedish","2016-11-17",0
"Swedish","2016-11-18",2
"Swedish","2016-11-19",4
"Swedish","2016-11-20",0
"Swedish","2016-11-21",3
"Swedish","2016-11-22",2
"Swedish","2016-11-23",0
"Swedish","2016-11-24",3
"Swedish","2016-11-25",0
"Swedish","2016-11-26",1
"Swedish","2016-11-27",2
"Swedish","2016-11-28",1
"Swedish","2016-11-29",1
"Swedish","2016-11-30",1
"Swedish","2016-12-01",1
"Swedish","2016-12-02",3
"Swedish","2016-12-03",2
"Swedish","2016-12-04",0
"Swedish","2016-12-05",2
"Swedish","2016-12-06",2
"Swedish","2016-12-07",0
"Swedish","2016-12-08",1
"Swedish","2016-12-09",1
"Swedish","2016-12-10",13
"Swedish","2016-12-11",10
"Swedish","2016-12-12",0
"Swedish","2016-12-13",2
"Swedish","2016-12-14",1
"Swedish","2016-12-15",0
"Swedish","2016-12-16",1
"Swedish","2016-12-17",1
"Swedish","2016-12-18",0
"Swedish","2016-12-19",0
"Swedish","2016-12-20",1
"Swedish","2016-12-21",1
"Swedish","2016-12-28",0
"Swedish","2016-12-29",2
"Swedish","2016-12-30",0
"Swedish","2016-12-31",1
"Swedish","2017-01-01",1
"Swedish","2017-01-02",1
"Swedish","2017-01-03",0
"Swedish","2017-01-04",1
"Swedish","2017-01-05",1
"Swedish","2017-01-06",0
"Swedish","2017-01-07",0
"Swedish","2017-01-08",1
"Swedish","2017-01-09",0
"Swedish","2017-01-10",2
"Swedish","2017-01-11",1
"Swedish","2017-01-12",0
"Swedish","2017-01-13",0
"Swedish","2017-01-14",0
"Swedish","2017-01-15",1
"Swedish","2017-01-16",0
"Swedish","2017-01-17",1
"Swedish","2017-01-18",1
"Swedish","2017-01-19",1
"Swedish","2017-01-20",0
"Swedish","2017-01-21",1
"Swedish","2017-01-22",1
"Swedish","2017-01-23",1
"Swedish","2017-01-24",0
"Swedish","2017-01-25",0
"Swedish","2017-01-26",1
"Swedish","2017-01-27",1
"Swedish","2017-01-28",0
"Swedish","2017-01-29",0
"Swedish","2017-01-30",1
"Swedish","2017-01-31",2
"Swedish","2017-02-01",0
"Swedish","2017-02-02",1
"Swedish","2017-02-03",0
"Swedish","2017-02-04",2
"Swedish","2017-02-05",0
"Swedish","2017-02-06",1
"Swedish","2017-02-07",0
"Swedish","2017-02-08",0
"Swedish","2017-02-09",2
"Swedish","2017-02-10",0
"Swedish","2017-02-11",0
"Swedish","2017-02-12",0
"Swedish","2017-02-13",1
"Swedish","2017-02-14",1
"Swedish","2017-02-15",0
"Swedish","2017-02-16",2
"Swedish","2017-02-17",1
"Swedish","2017-02-18",2
"Swedish","2017-02-19",1
"Swedish","2017-02-20",2
"Swedish","2017-02-21",5
"Swedish","2017-02-22",1
"Swedish","2017-02-23",0
"Swedish","2017-02-24",3
"Swedish","2017-02-25",0
"Swedish","2017-02-26",0
"Swedish","2017-02-27",1
"Swedish","2017-02-28",0
"Swedish","2017-03-01",1
"Swedish","2017-03-02",0
"Swedish","2017-03-03",0
"Swedish","2017-03-09",0
"Swedish","2017-03-11",2
"Swedish","2017-03-12",0
"Swedish","2017-03-13",0
"Swedish","2017-03-14",0
"Swedish","2017-03-15",1
"Swedish","2017-03-17",0
"Swedish","2017-03-18",0
"Swedish","2017-03-19",1
"Swedish","2017-03-20",0
"Swedish","2017-03-21",0
"Swedish","2017-03-22",2
"Swedish","2017-03-23",0
"Swedish","2017-03-24",0
"Swedish","2017-03-25",0
"Swedish","2017-03-26",1
"Swedish","2017-03-28",0
"Swedish","2017-03-29",0
"Swedish","2017-03-30",2
"Swedish","2017-03-31",0
"Swedish","2017-04-01",2
"Swedish","2017-04-02",2
"Swedish","2017-04-03",0
"Swedish","2017-04-04",0
"Swedish","2017-04-05",0
"Swedish","2017-04-06",1
"Swedish","2017-04-10",0
"Swedish","2017-04-11",1
"Swedish","2017-04-12",0
"Swedish","2017-04-13",2
"Swedish","2017-04-14",2
"Swedish","2017-04-15",0
"Swedish","2017-04-16",0
"Swedish","2017-04-17",0
"Swedish","2017-04-18",0
"Swedish","2017-04-19",1
"Swedish","2017-04-20",3
"Swedish","2017-04-21",0
"Swedish","2017-04-22",0
"Swedish","2017-04-23",1
"Swedish","2017-04-24",1
"Swedish","2017-04-25",0
"Swedish","2017-04-26",0
"Swedish","2017-04-27",0
"Swedish","2017-04-28",1
"Swedish","2017-04-29",0
"Swedish","2017-04-30",0
"Swedish","2017-05-01",0
"Swedish","2017-05-02",0
"Swedish","2017-05-03",2
"Swedish","2017-05-04",0
"Swedish","2017-05-05",0
"Swedish","2017-05-06",2
"Swedish","2017-05-07",1
"Swedish","2017-05-08",1
"Swedish","2017-05-09",1
"Swedish","2017-05-10",0
"Swedish","2017-05-11",0
"Swedish","2017-05-12",0
"Swedish","2017-05-13",4
"Swedish","2017-05-14",0
"Swedish","2017-05-15",2
"Swedish","2017-05-16",0
"Swedish","2017-05-17",1
"Swedish","2017-05-18",1
"Swedish","2017-05-19",3
"Swedish","2017-05-20",2
"Swedish","2017-05-21",1
"Swedish","2017-05-22",0
"Swedish","2017-05-23",0
"Swedish","2017-05-24",0
"Swedish","2017-05-25",2
"Swedish","2017-05-26",2
"Swedish","2017-05-27",3
"Swedish","2017-05-28",0
"Swedish","2017-05-29",0
"Swedish","2017-05-30",0
"Swedish","2017-05-31",1
"Swedish","2017-06-01",2
"Swedish","2017-06-02",0
"Swedish","2017-06-03",0
"Swedish","2017-06-04",1
"Swedish","2017-06-05",1
"Swedish","2017-06-06",0
"Swedish","2017-06-07",0
"Swedish","2017-06-08",0
"Swedish","2017-06-09",2
"Swedish","2017-06-10",1
"Swedish","2017-06-11",0
"Swedish","2017-06-12",0
"Swedish","2017-06-13",0
"Swedish","2017-06-14",0
"Swedish","2017-06-15",0
"Swedish","2017-06-16",0
"Swedish","2017-06-17",1
"Swedish","2017-06-18",0
"Swedish","2017-06-19",0
"Swedish","2017-06-20",0
"Swedish","2017-06-21",0
"Swedish","2017-06-22",1
"Swedish","2017-06-23",0
"Swedish","2017-06-24",0
"Swedish","2017-06-25",0
"Swedish","2017-06-26",1
"Swedish","2017-06-27",2
"Swedish","2017-06-28",0
"Swedish","2017-06-29",1
"Swedish","2017-06-30",2
"Swedish","2017-07-01",1
"Swedish","2017-07-02",2
"Swedish","2017-07-03",0
"Swedish","2017-07-04",0
"Swedish","2017-07-05",0
"Swedish","2017-07-06",1
"Swedish","2017-07-07",1
"Swedish","2017-07-08",1
"Swedish","2017-07-09",2
"Swedish","2017-07-10",1
"Swedish","2017-07-11",1
"Swedish","2017-07-12",3
"Swedish","2017-07-13",1
"Swedish","2017-07-14",1
"Swedish","2017-07-15",2
"Swedish","2017-07-16",0
"Swedish","2017-07-17",0
"Swedish","2017-07-18",0
"Swedish","2017-07-19",1
"Swedish","2017-07-20",1
"Swedish","2017-07-21",2
"Swedish","2017-07-22",1
"Swedish","2017-07-23",0
"Swedish","2017-07-24",8
"Swedish","2017-07-25",1
"Swedish","2017-07-26",1
"Swedish","2017-07-27",0
"Swedish","2017-07-28",2
"Swedish","2017-07-29",0
"Swedish","2017-07-30",1
"Swedish","2017-07-31",1
"Swedish","2017-08-01",1
"Swedish","2017-08-02",1
"Swedish","2017-08-03",2
"Swedish","2017-08-04",4
"Swedish","2017-08-05",0
"Swedish","2017-08-06",0
"Swedish","2017-08-07",4
"Swedish","2017-08-08",3
"Swedish","2017-08-09",3
"Swedish","2017-08-10",1
"Swedish","2017-08-11",1
"Swedish","2017-08-12",1
"Swedish","2017-08-13",3
"Swedish","2017-08-14",2
"Swedish","2017-08-15",1
"Swedish","2017-08-16",1
"Swedish","2017-08-17",2
"Swedish","2017-08-18",3
"Swedish","2017-08-19",1
"Swedish","2017-08-20",2
"Swedish","2017-08-21",0
"Swedish","2017-08-22",0
"Swedish","2017-08-23",1
"Swedish","2017-08-24",1
"Swedish","2017-08-25",0
"Swedish","2017-08-26",4
"Swedish","2017-08-27",7
"Swedish","2017-08-28",0
"Swedish","2017-08-29",0
"Swedish","2017-08-30",0
"Swedish","2017-08-31",1
"Swedish","2017-09-01",8
"Swedish","2017-09-02",20
"Swedish","2017-09-03",11
"Swedish","2017-09-04",2
"Swedish","2017-09-05",2
"Swedish","2017-09-06",2
"Swedish","2017-09-07",2
"Swedish","2017-09-08",0
"Swedish","2017-09-09",2
"Swedish","2017-09-10",2
"Swedish","2017-09-11",2
"Swedish","2017-09-12",2
"Swedish","2017-09-13",0
"Swedish","2017-09-14",2
"Swedish","2017-09-15",1
"Swedish","2017-09-16",0
"Swedish","2017-09-17",7
"Swedish","2017-09-18",4
"Swedish","2017-09-19",1
"Swedish","2017-09-20",1
"Swedish","2017-09-21",1
"Swedish","2017-09-22",1
"Swedish","2017-09-23",1
"Swedish","2017-09-24",0
"Swedish","2017-09-25",1
"Swedish","2017-09-26",1
"Swedish","2017-09-27",0
"Swedish","2017-09-28",0
"Swedish","2017-09-29",3
"Swedish","2017-09-30",1
"Swedish","2017-10-01",2
"Swedish","2017-10-02",1
"Swedish","2017-10-03",0
"Swedish","2017-10-04",0
"Swedish","2017-10-05",0
"Swedish","2017-10-06",1
"Swedish","2017-10-07",1
"Swedish","2017-10-08",0
"Swedish","2017-10-09",1
"Swedish","2017-10-10",0
"Swedish","2017-10-11",1
"Swedish","2017-10-12",3
"Swedish","2017-10-13",3
"Swedish","2017-10-14",5
"Swedish","2017-10-15",2
"Swedish","2017-10-16",0
"Swedish","2017-10-17",0
"Swedish","2017-10-18",0
"Swedish","2017-10-19",1
"Swedish","2017-10-20",1
"Swedish","2017-10-21",1
"Swedish","2017-10-22",2
"Swedish","2017-10-23",0
"Swedish","2017-10-24",0
"Swedish","2017-10-25",1
"Swedish","2017-10-26",0
"Swedish","2017-11-07",2
"Swedish","2017-11-08",1
"Swedish","2017-11-09",0
"Swedish","2017-11-10",1
"Swedish","2017-11-11",1
"Swedish","2017-11-12",0
"Swedish","2017-11-13",0
"Swedish","2017-11-14",0
"Swedish","2017-11-15",2
"Swedish","2017-11-16",3
"Swedish","2017-11-17",1
"Swedish","2017-11-18",1
"Swedish","2017-11-19",2
"Swedish","2017-11-20",2
"Swedish","2017-11-22",0
"Swedish","2017-11-23",1
"Swedish","2017-11-24",1
"Swedish","2017-11-25",0
"Swedish","2017-11-26",0
"Swedish","2017-11-27",0
"Swedish","2017-11-28",0
"Swedish","2017-11-29",2
"Swedish","2017-11-30",0
"Swedish","2017-12-01",0
"Swedish","2017-12-02",3
"Swedish","2017-12-03",0
"Swedish","2017-12-04",1
"Swedish","2017-12-05",1
"Swedish","2017-12-06",1
"Swedish","2017-12-07",1
"Swedish","2017-12-08",1
"Swedish","2017-12-09",0
"Swedish","2017-12-10",0
"Swedish","2017-12-11",0
"Swedish","2017-12-12",1
"Swedish","2017-12-13",0
"Swedish","2017-12-14",1
"Swedish","2017-12-15",1
"Swedish","2017-12-16",0
"Swedish","2017-12-17",1
"Swedish","2017-12-18",0
"Swedish","2017-12-19",0
"Swedish","2017-12-20",0
"Swedish","2017-12-21",0
"Swedish","2017-12-22",2
"Swedish","2017-12-23",1
"Swedish","2017-12-24",4
"Swedish","2017-12-25",0
"Swedish","2017-12-26",3
"Swedish","2017-12-27",0
"Swedish","2017-12-28",0
"Swedish","2017-12-29",0
"Swedish","2017-12-30",0
"Swedish","2017-12-31",2
"Swedish","2018-01-01",1
"Swedish","2018-01-02",0
"Swedish","2018-01-03",0
"Swedish","2018-01-04",0
"Swedish","2018-01-05",1
"Swedish","2018-01-06",1
"Swedish","2018-01-07",0
"Swedish","2018-01-08",1
"Swedish","2018-01-09",0
"Swedish","2018-01-10",1
"Swedish","2018-01-11",0
"Swedish","2018-01-12",1
"Swedish","2018-01-13",0
"Swedish","2018-01-14",1
"Swedish","2018-01-15",2
"Swedish","2018-01-16",0
"Swedish","2018-01-17",1
"Swedish","2018-01-18",1
"Swedish","2018-01-19",1
"Swedish","2018-01-20",0
"Swedish","2018-01-21",0
"Swedish","2018-01-22",0
"Swedish","2018-01-23",1
"Swedish","2018-01-24",1
"Swedish","2018-01-25",0
"Swedish","2018-01-26",0
"Swedish","2018-01-27",3
"Swedish","2018-01-28",2
"Swedish","2018-01-29",1
"Swedish","2018-01-30",0
"Swedish","2018-01-31",0
"Swedish","2018-02-01",0
"Swedish","2018-02-02",1
"Swedish","2018-02-03",1
"Swedish","2018-02-04",3
"Swedish","2018-02-05",3
"Swedish","2018-02-06",0
"Swedish","2018-02-07",1
"Swedish","2018-02-08",0
"Swedish","2018-02-09",1
"Swedish","2018-02-10",0
"Swedish","2018-02-11",0
"Swedish","2018-02-12",1
"Swedish","2018-02-13",0
"Swedish","2018-02-14",1
"Swedish","2018-02-15",0
"Swedish","2018-02-16",1
"Swedish","2018-02-17",2
"Swedish","2018-02-18",2
"Swedish","2018-02-19",1
"Swedish","2018-02-20",0
"Swedish","2018-02-21",0
"Swedish","2018-02-22",3
"Swedish","2018-02-23",0
"Swedish","2018-02-24",2
"Swedish","2018-02-25",1
"Swedish","2018-02-26",0
"Danish","2016-11-06",3
"Danish","2016-11-07",4
"Danish","2016-11-08",3
"Danish","2016-11-09",6
"Danish","2016-11-10",7
"Danish","2016-11-11",5
"Danish","2016-11-12",6
"Danish","2016-11-13",3
"Danish","2016-11-14",8
"Danish","2016-11-15",5
"Danish","2016-11-16",4
"Danish","2016-11-17",4
"Danish","2016-11-18",4
"Danish","2016-11-19",5
"Danish","2016-11-20",6
"Danish","2016-11-21",7
"Danish","2016-11-22",8
"Danish","2016-11-23",10
"Danish","2016-11-24",6
"Danish","2016-11-25",4
"Danish","2016-11-26",7
"Danish","2016-11-27",6
"Danish","2016-11-28",1
"Danish","2016-11-29",3
"Danish","2016-11-30",9
"Danish","2016-12-01",5
"Danish","2016-12-02",2
"Danish","2016-12-03",4
"Danish","2016-12-04",4
"Danish","2016-12-05",2
"Danish","2016-12-06",2
"Danish","2016-12-07",6
"Danish","2016-12-08",3
"Danish","2016-12-09",4
"Danish","2016-12-10",3
"Danish","2016-12-11",9
"Danish","2016-12-12",3
"Danish","2016-12-13",8
"Danish","2016-12-14",5
"Danish","2016-12-15",3
"Danish","2016-12-16",2
"Danish","2016-12-17",3
"Danish","2016-12-18",1
"Danish","2016-12-19",8
"Danish","2016-12-20",2
"Danish","2016-12-21",5
"Danish","2016-12-28",4
"Danish","2016-12-29",3
"Danish","2016-12-30",5
"Danish","2016-12-31",1
"Danish","2017-01-01",3
"Danish","2017-01-02",3
"Danish","2017-01-03",3
"Danish","2017-01-04",2
"Danish","2017-01-05",4
"Danish","2017-01-06",4
"Danish","2017-01-07",5
"Danish","2017-01-08",7
"Danish","2017-01-09",12
"Danish","2017-01-10",10
"Danish","2017-01-11",10
"Danish","2017-01-12",3
"Danish","2017-01-13",6
"Danish","2017-01-14",7
"Danish","2017-01-15",4
"Danish","2017-01-16",4
"Danish","2017-01-17",7
"Danish","2017-01-18",1
"Danish","2017-01-19",2
"Danish","2017-01-20",5
"Danish","2017-01-21",7
"Danish","2017-01-22",5
"Danish","2017-01-23",3
"Danish","2017-01-24",1
"Danish","2017-01-25",2
"Danish","2017-01-26",4
"Danish","2017-01-27",3
"Danish","2017-01-28",3
"Danish","2017-01-29",5
"Danish","2017-01-30",2
"Danish","2017-01-31",7
"Danish","2017-02-01",3
"Danish","2017-02-02",3
"Danish","2017-02-03",2
"Danish","2017-02-04",3
"Danish","2017-02-05",0
"Danish","2017-02-06",0
"Danish","2017-02-07",2
"Danish","2017-02-08",2
"Danish","2017-02-09",3
"Danish","2017-02-10",2
"Danish","2017-02-11",4
"Danish","2017-02-12",0
"Danish","2017-02-13",2
"Danish","2017-02-14",6
"Danish","2017-02-15",1
"Danish","2017-02-16",4
"Danish","2017-02-17",0
"Danish","2017-02-18",5
"Danish","2017-02-19",1
"Danish","2017-02-20",1
"Danish","2017-02-21",7
"Danish","2017-02-22",1
"Danish","2017-02-23",4
"Danish","2017-02-24",2
"Danish","2017-02-25",4
"Danish","2017-02-26",4
"Danish","2017-02-27",2
"Danish","2017-02-28",4
"Danish","2017-03-01",1
"Danish","2017-03-02",4
"Danish","2017-03-03",3
"Danish","2017-03-09",3
"Danish","2017-03-11",3
"Danish","2017-03-12",2
"Danish","2017-03-13",2
"Danish","2017-03-14",2
"Danish","2017-03-15",2
"Danish","2017-03-17",3
"Danish","2017-03-18",3
"Danish","2017-03-19",3
"Danish","2017-03-20",1
"Danish","2017-03-21",2
"Danish","2017-03-22",0
"Danish","2017-03-23",2
"Danish","2017-03-24",0
"Danish","2017-03-25",1
"Danish","2017-03-26",2
"Danish","2017-03-28",1
"Danish","2017-03-29",1
"Danish","2017-03-30",2
"Danish","2017-03-31",1
"Danish","2017-04-01",6
"Danish","2017-04-02",1
"Danish","2017-04-03",0
"Danish","2017-04-04",0
"Danish","2017-04-05",2
"Danish","2017-04-06",1
"Danish","2017-04-10",2
"Danish","2017-04-11",5
"Danish","2017-04-12",1
"Danish","2017-04-13",6
"Danish","2017-04-14",1
"Danish","2017-04-15",3
"Danish","2017-04-16",6
"Danish","2017-04-17",1
"Danish","2017-04-18",2
"Danish","2017-04-19",2
"Danish","2017-04-20",2
"Danish","2017-04-21",6
"Danish","2017-04-22",0
"Danish","2017-04-23",3
"Danish","2017-04-24",3
"Danish","2017-04-25",3
"Danish","2017-04-26",2
"Danish","2017-04-27",0
"Danish","2017-04-28",0
"Danish","2017-04-29",0
"Danish","2017-04-30",1
"Danish","2017-05-01",5
"Danish","2017-05-02",1
"Danish","2017-05-03",0
"Danish","2017-05-04",3
"Danish","2017-05-05",2
"Danish","2017-05-06",5
"Danish","2017-05-07",2
"Danish","2017-05-08",0
"Danish","2017-05-09",2
"Danish","2017-05-10",1
"Danish","2017-05-11",5
"Danish","2017-05-12",6
"Danish","2017-05-13",13
"Danish","2017-05-14",1
"Danish","2017-05-15",1
"Danish","2017-05-16",1
"Danish","2017-05-17",5
"Danish","2017-05-18",7
"Danish","2017-05-19",2
"Danish","2017-05-20",3
"Danish","2017-05-21",0
"Danish","2017-05-22",4
"Danish","2017-05-23",5
"Danish","2017-05-24",5
"Danish","2017-05-25",3
"Danish","2017-05-26",1
"Danish","2017-05-27",3
"Danish","2017-05-28",2
"Danish","2017-05-29",3
"Danish","2017-05-30",1
"Danish","2017-05-31",2
"Danish","2017-06-01",8
"Danish","2017-06-02",2
"Danish","2017-06-03",1
"Danish","2017-06-04",1
"Danish","2017-06-05",5
"Danish","2017-06-06",1
"Danish","2017-06-07",0
"Danish","2017-06-08",1
"Danish","2017-06-09",1
"Danish","2017-06-10",2
"Danish","2017-06-11",2
"Danish","2017-06-12",1
"Danish","2017-06-13",0
"Danish","2017-06-14",4
"Danish","2017-06-15",6
"Danish","2017-06-16",1
"Danish","2017-06-17",4
"Danish","2017-06-18",4
"Danish","2017-06-19",0
"Danish","2017-06-20",2
"Danish","2017-06-21",0
"Danish","2017-06-22",2
"Danish","2017-06-23",0
"Danish","2017-06-24",3
"Danish","2017-06-25",1
"Danish","2017-06-26",3
"Danish","2017-06-27",2
"Danish","2017-06-28",3
"Danish","2017-06-29",3
"Danish","2017-06-30",7
"Danish","2017-07-01",6
"Danish","2017-07-02",1
"Danish","2017-07-03",6
"Danish","2017-07-04",3
"Danish","2017-07-05",2
"Danish","2017-07-06",2
"Danish","2017-07-07",0
"Danish","2017-07-08",2
"Danish","2017-07-09",1
"Danish","2017-07-10",3
"Danish","2017-07-11",3
"Danish","2017-07-12",3
"Danish","2017-07-13",7
"Danish","2017-07-14",5
"Danish","2017-07-15",6
"Danish","2017-07-16",2
"Danish","2017-07-17",6
"Danish","2017-07-18",1
"Danish","2017-07-19",1
"Danish","2017-07-20",3
"Danish","2017-07-21",5
"Danish","2017-07-22",4
"Danish","2017-07-23",3
"Danish","2017-07-24",0
"Danish","2017-07-25",2
"Danish","2017-07-26",2
"Danish","2017-07-27",0
"Danish","2017-07-28",8
"Danish","2017-07-29",7
"Danish","2017-07-30",3
"Danish","2017-07-31",9
"Danish","2017-08-01",1
"Danish","2017-08-02",5
"Danish","2017-08-03",5
"Danish","2017-08-04",4
"Danish","2017-08-05",3
"Danish","2017-08-06",4
"Danish","2017-08-07",5
"Danish","2017-08-08",4
"Danish","2017-08-09",3
"Danish","2017-08-10",5
"Danish","2017-08-11",4
"Danish","2017-08-12",8
"Danish","2017-08-13",3
"Danish","2017-08-14",13
"Danish","2017-08-15",26
"Danish","2017-08-16",20
"Danish","2017-08-17",17
"Danish","2017-08-18",7
"Danish","2017-08-19",4
"Danish","2017-08-20",4
"Danish","2017-08-21",4
"Danish","2017-08-22",4
"Danish","2017-08-23",4
"Danish","2017-08-24",1
"Danish","2017-08-25",3
"Danish","2017-08-26",7
"Danish","2017-08-27",8
"Danish","2017-08-28",1
"Danish","2017-08-29",6
"Danish","2017-08-30",3
"Danish","2017-08-31",3
"Danish","2017-09-01",3
"Danish","2017-09-02",8
"Danish","2017-09-03",4
"Danish","2017-09-04",5
"Danish","2017-09-05",2
"Danish","2017-09-06",3
"Danish","2017-09-07",9
"Danish","2017-09-08",7
"Danish","2017-09-09",11
"Danish","2017-09-10",3
"Danish","2017-09-11",7
"Danish","2017-09-12",8
"Danish","2017-09-13",2
"Danish","2017-09-14",2
"Danish","2017-09-15",2
"Danish","2017-09-16",3
"Danish","2017-09-17",2
"Danish","2017-09-18",2
"Danish","2017-09-19",4
"Danish","2017-09-20",6
"Danish","2017-09-21",2
"Danish","2017-09-22",4
"Danish","2017-09-23",3
"Danish","2017-09-24",3
"Danish","2017-09-25",2
"Danish","2017-09-26",4
"Danish","2017-09-27",4
"Danish","2017-09-28",1
"Danish","2017-09-29",2
"Danish","2017-09-30",4
"Danish","2017-10-01",9
"Danish","2017-10-02",1
"Danish","2017-10-03",3
"Danish","2017-10-04",4
"Danish","2017-10-05",0
"Danish","2017-10-06",3
"Danish","2017-10-07",1
"Danish","2017-10-08",4
"Danish","2017-10-09",2
"Danish","2017-10-10",0
"Danish","2017-10-11",5
"Danish","2017-10-12",1
"Danish","2017-10-13",0
"Danish","2017-10-14",6
"Danish","2017-10-15",5
"Danish","2017-10-16",1
"Danish","2017-10-17",5
"Danish","2017-10-18",1
"Danish","2017-10-19",3
"Danish","2017-10-20",1
"Danish","2017-10-21",1
"Danish","2017-10-22",3
"Danish","2017-10-23",0
"Danish","2017-10-24",2
"Danish","2017-10-25",0
"Danish","2017-10-26",6
"Danish","2017-11-07",2
"Danish","2017-11-08",1
"Danish","2017-11-09",1
"Danish","2017-11-10",2
"Danish","2017-11-11",0
"Danish","2017-11-12",3
"Danish","2017-11-13",5
"Danish","2017-11-14",5
"Danish","2017-11-15",1
"Danish","2017-11-16",2
"Danish","2017-11-17",6
"Danish","2017-11-18",8
"Danish","2017-11-19",4
"Danish","2017-11-20",5
"Danish","2017-11-22",4
"Danish","2017-11-23",5
"Danish","2017-11-24",6
"Danish","2017-11-25",2
"Danish","2017-11-26",3
"Danish","2017-11-27",3
"Danish","2017-11-28",4
"Danish","2017-11-29",7
"Danish","2017-11-30",1
"Danish","2017-12-01",2
"Danish","2017-12-02",1
"Danish","2017-12-03",2
"Danish","2017-12-04",4
"Danish","2017-12-05",4
"Danish","2017-12-06",1
"Danish","2017-12-07",5
"Danish","2017-12-08",0
"Danish","2017-12-09",2
"Danish","2017-12-10",3
"Danish","2017-12-11",1
"Danish","2017-12-12",1
"Danish","2017-12-13",4
"Danish","2017-12-14",5
"Danish","2017-12-15",3
"Danish","2017-12-16",3
"Danish","2017-12-17",3
"Danish","2017-12-18",5
"Danish","2017-12-19",2
"Danish","2017-12-20",6
"Danish","2017-12-21",2
"Danish","2017-12-22",1
"Danish","2017-12-23",8
"Danish","2017-12-24",4
"Danish","2017-12-25",5
"Danish","2017-12-26",6
"Danish","2017-12-27",1
"Danish","2017-12-28",2
"Danish","2017-12-29",3
"Danish","2017-12-30",2
"Danish","2017-12-31",2
"Danish","2018-01-01",4
"Danish","2018-01-02",4
"Danish","2018-01-03",2
"Danish","2018-01-04",4
"Danish","2018-01-05",7
"Danish","2018-01-06",1
"Danish","2018-01-07",5
"Danish","2018-01-08",2
"Danish","2018-01-09",1
"Danish","2018-01-10",2
"Danish","2018-01-11",3
"Danish","2018-01-12",3
"Danish","2018-01-13",2
"Danish","2018-01-14",3
"Danish","2018-01-15",2
"Danish","2018-01-16",3
"Danish","2018-01-17",4
"Danish","2018-01-18",1
"Danish","2018-01-19",5
"Danish","2018-01-20",1
"Danish","2018-01-21",6
"Danish","2018-01-22",2
"Danish","2018-01-23",2
"Danish","2018-01-24",0
"Danish","2018-01-25",1
"Danish","2018-01-26",4
"Danish","2018-01-27",9
"Danish","2018-01-28",1
"Danish","2018-01-29",3
"Danish","2018-01-30",2
"Danish","2018-01-31",5
"Danish","2018-02-01",1
"Danish","2018-02-02",4
"Danish","2018-02-03",5
"Danish","2018-02-04",6
"Danish","2018-02-05",7
"Danish","2018-02-06",3
"Danish","2018-02-07",2
"Danish","2018-02-08",3
"Danish","2018-02-09",7
"Danish","2018-02-10",9
"Danish","2018-02-11",7
"Danish","2018-02-12",5
"Danish","2018-02-13",4
"Danish","2018-02-14",5
"Danish","2018-02-15",3
"Danish","2018-02-16",3
"Danish","2018-02-17",3
"Danish","2018-02-18",5
"Danish","2018-02-19",2
"Danish","2018-02-20",6
"Danish","2018-02-21",10
"Danish","2018-02-22",2
"Danish","2018-02-23",4
"Danish","2018-02-24",4
"Danish","2018-02-25",1
"Danish","2018-02-26",9
"Norwegian","2016-11-06",48
"Norwegian","2016-11-07",24
"Norwegian","2016-11-08",38
"Norwegian","2016-11-09",60
"Norwegian","2016-11-10",48
"Norwegian","2016-11-11",52
"Norwegian","2016-11-12",37
"Norwegian","2016-11-13",39
"Norwegian","2016-11-14",31
"Norwegian","2016-11-15",38
"Norwegian","2016-11-16",22
"Norwegian","2016-11-17",58
"Norwegian","2016-11-18",37
"Norwegian","2016-11-19",32
"Norwegian","2016-11-20",43
"Norwegian","2016-11-21",29
"Norwegian","2016-11-22",53
"Norwegian","2016-11-23",43
"Norwegian","2016-11-24",35
"Norwegian","2016-11-25",28
"Norwegian","2016-11-26",26
"Norwegian","2016-11-27",20
"Norwegian","2016-11-28",26
"Norwegian","2016-11-29",39
"Norwegian","2016-11-30",51
"Norwegian","2016-12-01",26
"Norwegian","2016-12-02",17
"Norwegian","2016-12-03",30
"Norwegian","2016-12-04",24
"Norwegian","2016-12-05",20
"Norwegian","2016-12-06",28
"Norwegian","2016-12-07",28
"Norwegian","2016-12-08",29
"Norwegian","2016-12-09",18
"Norwegian","2016-12-10",25
"Norwegian","2016-12-11",45
"Norwegian","2016-12-12",24
"Norwegian","2016-12-13",32
"Norwegian","2016-12-14",40
"Norwegian","2016-12-15",32
"Norwegian","2016-12-16",27
"Norwegian","2016-12-17",28
"Norwegian","2016-12-18",26
"Norwegian","2016-12-19",37
"Norwegian","2016-12-20",24
"Norwegian","2016-12-21",15
"Norwegian","2016-12-28",29
"Norwegian","2016-12-29",29
"Norwegian","2016-12-30",30
"Norwegian","2016-12-31",37
"Norwegian","2017-01-01",30
"Norwegian","2017-01-02",20
"Norwegian","2017-01-03",15
"Norwegian","2017-01-04",45
"Norwegian","2017-01-05",25
"Norwegian","2017-01-06",28
"Norwegian","2017-01-07",19
"Norwegian","2017-01-08",24
"Norwegian","2017-01-09",45
"Norwegian","2017-01-10",59
"Norwegian","2017-01-11",53
"Norwegian","2017-01-12",41
"Norwegian","2017-01-13",55
"Norwegian","2017-01-14",49
"Norwegian","2017-01-15",60
"Norwegian","2017-01-16",41
"Norwegian","2017-01-17",45
"Norwegian","2017-01-18",30
"Norwegian","2017-01-19",13
"Norwegian","2017-01-20",28
"Norwegian","2017-01-21",16
"Norwegian","2017-01-22",19
"Norwegian","2017-01-23",18
"Norwegian","2017-01-24",29
"Norwegian","2017-01-25",16
"Norwegian","2017-01-26",32
"Norwegian","2017-01-27",32
"Norwegian","2017-01-28",20
"Norwegian","2017-01-29",20
"Norwegian","2017-01-30",18
"Norwegian","2017-01-31",27
"Norwegian","2017-02-01",14
"Norwegian","2017-02-02",21
"Norwegian","2017-02-03",18
"Norwegian","2017-02-04",16
"Norwegian","2017-02-05",10
"Norwegian","2017-02-06",16
"Norwegian","2017-02-07",12
"Norwegian","2017-02-08",10
"Norwegian","2017-02-09",9
"Norwegian","2017-02-10",21
"Norwegian","2017-02-11",17
"Norwegian","2017-02-12",10
"Norwegian","2017-02-13",13
"Norwegian","2017-02-14",23
"Norwegian","2017-02-15",13
"Norwegian","2017-02-16",18
"Norwegian","2017-02-17",28
"Norwegian","2017-02-18",14
"Norwegian","2017-02-19",17
"Norwegian","2017-02-20",16
"Norwegian","2017-02-21",32
"Norwegian","2017-02-22",19
"Norwegian","2017-02-23",14
"Norwegian","2017-02-24",14
"Norwegian","2017-02-25",42
"Norwegian","2017-02-26",15
"Norwegian","2017-02-27",25
"Norwegian","2017-02-28",34
"Norwegian","2017-03-01",17
"Norwegian","2017-03-02",35
"Norwegian","2017-03-03",17
"Norwegian","2017-03-09",24
"Norwegian","2017-03-11",30
"Norwegian","2017-03-12",13
"Norwegian","2017-03-13",24
"Norwegian","2017-03-14",30
"Norwegian","2017-03-15",34
"Norwegian","2017-03-17",10
"Norwegian","2017-03-18",20
"Norwegian","2017-03-19",10
"Norwegian","2017-03-20",10
"Norwegian","2017-03-21",13
"Norwegian","2017-03-22",20
"Norwegian","2017-03-23",22
"Norwegian","2017-03-24",26
"Norwegian","2017-03-25",18
"Norwegian","2017-03-26",56
"Norwegian","2017-03-28",12
"Norwegian","2017-03-29",15
"Norwegian","2017-03-30",19
"Norwegian","2017-03-31",10
"Norwegian","2017-04-01",51
"Norwegian","2017-04-02",17
"Norwegian","2017-04-03",13
"Norwegian","2017-04-04",22
"Norwegian","2017-04-05",36
"Norwegian","2017-04-06",13
"Norwegian","2017-04-10",8
"Norwegian","2017-04-11",15
"Norwegian","2017-04-12",16
"Norwegian","2017-04-13",22
"Norwegian","2017-04-14",15
"Norwegian","2017-04-15",22
"Norwegian","2017-04-16",13
"Norwegian","2017-04-17",24
"Norwegian","2017-04-18",25
"Norwegian","2017-04-19",14
"Norwegian","2017-04-20",29
"Norwegian","2017-04-21",28
"Norwegian","2017-04-22",16
"Norwegian","2017-04-23",24
"Norwegian","2017-04-24",38
"Norwegian","2017-04-25",21
"Norwegian","2017-04-26",39
"Norwegian","2017-04-27",4
"Norwegian","2017-04-28",9
"Norwegian","2017-04-29",13
"Norwegian","2017-04-30",13
"Norwegian","2017-05-01",30
"Norwegian","2017-05-02",14
"Norwegian","2017-05-03",21
"Norwegian","2017-05-04",29
"Norwegian","2017-05-05",15
"Norwegian","2017-05-06",32
"Norwegian","2017-05-07",29
"Norwegian","2017-05-08",32
"Norwegian","2017-05-09",20
"Norwegian","2017-05-10",22
"Norwegian","2017-05-11",21
"Norwegian","2017-05-12",31
"Norwegian","2017-05-13",78
"Norwegian","2017-05-14",23
"Norwegian","2017-05-15",25
"Norwegian","2017-05-16",17
"Norwegian","2017-05-17",23
"Norwegian","2017-05-18",31
"Norwegian","2017-05-19",17
"Norwegian","2017-05-20",38
"Norwegian","2017-05-21",24
"Norwegian","2017-05-22",13
"Norwegian","2017-05-23",7
"Norwegian","2017-05-24",25
"Norwegian","2017-05-25",35
"Norwegian","2017-05-26",11
"Norwegian","2017-05-27",24
"Norwegian","2017-05-28",17
"Norwegian","2017-05-29",26
"Norwegian","2017-05-30",8
"Norwegian","2017-05-31",10
"Norwegian","2017-06-01",28
"Norwegian","2017-06-02",15
"Norwegian","2017-06-03",14
"Norwegian","2017-06-04",31
"Norwegian","2017-06-05",22
"Norwegian","2017-06-06",14
"Norwegian","2017-06-07",6
"Norwegian","2017-06-08",13
"Norwegian","2017-06-09",10
"Norwegian","2017-06-10",16
"Norwegian","2017-06-11",9
"Norwegian","2017-06-12",14
"Norwegian","2017-06-13",11
"Norwegian","2017-06-14",37
"Norwegian","2017-06-15",21
"Norwegian","2017-06-16",26
"Norwegian","2017-06-17",31
"Norwegian","2017-06-18",34
"Norwegian","2017-06-19",27
"Norwegian","2017-06-20",10
"Norwegian","2017-06-21",20
"Norwegian","2017-06-22",3
"Norwegian","2017-06-23",13
"Norwegian","2017-06-24",20
"Norwegian","2017-06-25",11
"Norwegian","2017-06-26",32
"Norwegian","2017-06-27",17
"Norwegian","2017-06-28",5
"Norwegian","2017-06-29",14
"Norwegian","2017-06-30",26
"Norwegian","2017-07-01",28
"Norwegian","2017-07-02",28
"Norwegian","2017-07-03",17
"Norwegian","2017-07-04",14
"Norwegian","2017-07-05",10
"Norwegian","2017-07-06",13
"Norwegian","2017-07-07",25
"Norwegian","2017-07-08",17
"Norwegian","2017-07-09",20
"Norwegian","2017-07-10",17
"Norwegian","2017-07-11",22
"Norwegian","2017-07-12",27
"Norwegian","2017-07-13",26
"Norwegian","2017-07-14",32
"Norwegian","2017-07-15",24
"Norwegian","2017-07-16",25
"Norwegian","2017-07-17",20
"Norwegian","2017-07-18",24
"Norwegian","2017-07-19",28
"Norwegian","2017-07-20",22
"Norwegian","2017-07-21",37
"Norwegian","2017-07-22",12
"Norwegian","2017-07-23",23
"Norwegian","2017-07-24",19
"Norwegian","2017-07-25",30
"Norwegian","2017-07-26",33
"Norwegian","2017-07-27",22
"Norwegian","2017-07-28",33
"Norwegian","2017-07-29",30
"Norwegian","2017-07-30",41
"Norwegian","2017-07-31",47
"Norwegian","2017-08-01",23
"Norwegian","2017-08-02",32
"Norwegian","2017-08-03",26
"Norwegian","2017-08-04",22
"Norwegian","2017-08-05",28
"Norwegian","2017-08-06",19
"Norwegian","2017-08-07",29
"Norwegian","2017-08-08",21
"Norwegian","2017-08-09",35
"Norwegian","2017-08-10",26
"Norwegian","2017-08-11",19
"Norwegian","2017-08-12",38
"Norwegian","2017-08-13",40
"Norwegian","2017-08-14",177
"Norwegian","2017-08-15",319
"Norwegian","2017-08-16",263
"Norwegian","2017-08-17",161
"Norwegian","2017-08-18",67
"Norwegian","2017-08-19",39
"Norwegian","2017-08-20",24
"Norwegian","2017-08-21",16
"Norwegian","2017-08-22",20
"Norwegian","2017-08-23",22
"Norwegian","2017-08-24",30
"Norwegian","2017-08-25",23
"Norwegian","2017-08-26",54
"Norwegian","2017-08-27",57
"Norwegian","2017-08-28",24
"Norwegian","2017-08-29",29
"Norwegian","2017-08-30",31
"Norwegian","2017-08-31",39
"Norwegian","2017-09-01",46
"Norwegian","2017-09-02",21
"Norwegian","2017-09-03",32
"Norwegian","2017-09-04",41
"Norwegian","2017-09-05",48
"Norwegian","2017-09-06",17
"Norwegian","2017-09-07",56
"Norwegian","2017-09-08",34
"Norwegian","2017-09-09",48
"Norwegian","2017-09-10",23
"Norwegian","2017-09-11",64
"Norwegian","2017-09-12",40
"Norwegian","2017-09-13",20
"Norwegian","2017-09-14",16
"Norwegian","2017-09-15",20
"Norwegian","2017-09-16",20
"Norwegian","2017-09-17",32
"Norwegian","2017-09-18",24
"Norwegian","2017-09-19",31
"Norwegian","2017-09-20",26
"Norwegian","2017-09-21",21
"Norwegian","2017-09-22",36
"Norwegian","2017-09-23",23
"Norwegian","2017-09-24",25
"Norwegian","2017-09-25",19
"Norwegian","2017-09-26",28
"Norwegian","2017-09-27",25
"Norwegian","2017-09-28",28
"Norwegian","2017-09-29",33
"Norwegian","2017-09-30",34
"Norwegian","2017-10-01",62
"Norwegian","2017-10-02",25
"Norwegian","2017-10-03",35
"Norwegian","2017-10-04",14
"Norwegian","2017-10-05",19
"Norwegian","2017-10-06",22
"Norwegian","2017-10-07",15
"Norwegian","2017-10-08",27
"Norwegian","2017-10-09",25
"Norwegian","2017-10-10",15
"Norwegian","2017-10-11",15
"Norwegian","2017-10-12",19
"Norwegian","2017-10-13",15
"Norwegian","2017-10-14",23
"Norwegian","2017-10-15",22
"Norwegian","2017-10-16",22
"Norwegian","2017-10-17",34
"Norwegian","2017-10-18",16
"Norwegian","2017-10-19",31
"Norwegian","2017-10-20",27
"Norwegian","2017-10-21",26
"Norwegian","2017-10-22",46
"Norwegian","2017-10-23",15
"Norwegian","2017-10-24",13
"Norwegian","2017-10-25",17
"Norwegian","2017-10-26",22
"Norwegian","2017-11-07",6
"Norwegian","2017-11-08",26
"Norwegian","2017-11-09",20
"Norwegian","2017-11-10",30
"Norwegian","2017-11-11",25
"Norwegian","2017-11-12",28
"Norwegian","2017-11-13",32
"Norwegian","2017-11-14",34
"Norwegian","2017-11-15",19
"Norwegian","2017-11-16",20
"Norwegian","2017-11-17",25
"Norwegian","2017-11-18",52
"Norwegian","2017-11-19",34
"Norwegian","2017-11-20",48
"Norwegian","2017-11-22",18
"Norwegian","2017-11-23",51
"Norwegian","2017-11-24",20
"Norwegian","2017-11-25",28
"Norwegian","2017-11-26",37
"Norwegian","2017-11-27",21
"Norwegian","2017-11-28",19
"Norwegian","2017-11-29",30
"Norwegian","2017-11-30",16
"Norwegian","2017-12-01",19
"Norwegian","2017-12-02",25
"Norwegian","2017-12-03",18
"Norwegian","2017-12-04",17
"Norwegian","2017-12-05",10
"Norwegian","2017-12-06",19
"Norwegian","2017-12-07",21
"Norwegian","2017-12-08",14
"Norwegian","2017-12-09",24
"Norwegian","2017-12-10",31
"Norwegian","2017-12-11",21
"Norwegian","2017-12-12",20
"Norwegian","2017-12-13",29
"Norwegian","2017-12-14",17
"Norwegian","2017-12-15",17
"Norwegian","2017-12-16",30
"Norwegian","2017-12-17",34
"Norwegian","2017-12-18",21
"Norwegian","2017-12-19",19
"Norwegian","2017-12-20",32
"Norwegian","2017-12-21",14
"Norwegian","2017-12-22",37
"Norwegian","2017-12-23",41
"Norwegian","2017-12-24",36
"Norwegian","2017-12-25",13
"Norwegian","2017-12-26",35
"Norwegian","2017-12-27",16
"Norwegian","2017-12-28",12
"Norwegian","2017-12-29",15
"Norwegian","2017-12-30",21
"Norwegian","2017-12-31",12
"Norwegian","2018-01-01",28
"Norwegian","2018-01-02",32
"Norwegian","2018-01-03",22
"Norwegian","2018-01-04",21
"Norwegian","2018-01-05",29
"Norwegian","2018-01-06",53
"Norwegian","2018-01-07",64
"Norwegian","2018-01-08",25
"Norwegian","2018-01-09",30
"Norwegian","2018-01-10",34
"Norwegian","2018-01-11",36
"Norwegian","2018-01-12",37
"Norwegian","2018-01-13",22
"Norwegian","2018-01-14",28
"Norwegian","2018-01-15",33
"Norwegian","2018-01-16",13
"Norwegian","2018-01-17",29
"Norwegian","2018-01-18",23
"Norwegian","2018-01-19",42
"Norwegian","2018-01-20",35
"Norwegian","2018-01-21",25
"Norwegian","2018-01-22",20
"Norwegian","2018-01-23",23
"Norwegian","2018-01-24",22
"Norwegian","2018-01-25",10
"Norwegian","2018-01-26",52
"Norwegian","2018-01-27",63
"Norwegian","2018-01-28",27
"Norwegian","2018-01-29",27
"Norwegian","2018-01-30",14
"Norwegian","2018-01-31",47
"Norwegian","2018-02-01",26
"Norwegian","2018-02-02",28
"Norwegian","2018-02-03",26
"Norwegian","2018-02-04",36
"Norwegian","2018-02-05",32
"Norwegian","2018-02-06",33
"Norwegian","2018-02-07",35
"Norwegian","2018-02-08",31
"Norwegian","2018-02-09",41
"Norwegian","2018-02-10",32
"Norwegian","2018-02-11",38
"Norwegian","2018-02-12",58
"Norwegian","2018-02-13",54
"Norwegian","2018-02-14",46
"Norwegian","2018-02-15",23
"Norwegian","2018-02-16",47
"Norwegian","2018-02-17",59
"Norwegian","2018-02-18",56
"Norwegian","2018-02-19",42
"Norwegian","2018-02-20",53
"Norwegian","2018-02-21",39
"Norwegian","2018-02-22",29
"Norwegian","2018-02-23",20
"Norwegian","2018-02-24",73
"Norwegian","2018-02-25",31
"Norwegian","2018-02-26",46
"Finish","2016-11-06",0
"Finish","2016-11-07",0
"Finish","2016-11-08",0
"Finish","2016-11-09",0
"Finish","2016-11-10",0
"Finish","2016-11-11",1
"Finish","2016-11-12",0
"Finish","2016-11-13",0
"Finish","2016-11-14",0
"Finish","2016-11-15",0
"Finish","2016-11-16",0
"Finish","2016-11-17",0
"Finish","2016-11-18",0
"Finish","2016-11-19",0
"Finish","2016-11-20",0
"Finish","2016-11-21",0
"Finish","2016-11-22",0
"Finish","2016-11-23",0
"Finish","2016-11-24",0
"Finish","2016-11-25",0
"Finish","2016-11-26",0
"Finish","2016-11-27",0
"Finish","2016-11-28",0
"Finish","2016-11-29",0
"Finish","2016-11-30",0
"Finish","2016-12-01",0
"Finish","2016-12-02",0
"Finish","2016-12-03",0
"Finish","2016-12-04",0
"Finish","2016-12-05",0
"Finish","2016-12-06",0
"Finish","2016-12-07",0
"Finish","2016-12-08",0
"Finish","2016-12-09",0
"Finish","2016-12-10",1
"Finish","2016-12-11",0
"Finish","2016-12-12",0
"Finish","2016-12-13",0
"Finish","2016-12-14",0
"Finish","2016-12-15",0
"Finish","2016-12-16",0
"Finish","2016-12-17",0
"Finish","2016-12-18",0
"Finish","2016-12-19",0
"Finish","2016-12-20",0
"Finish","2016-12-21",0
"Finish","2016-12-28",0
"Finish","2016-12-29",0
"Finish","2016-12-30",0
"Finish","2016-12-31",0
"Finish","2017-01-01",0
"Finish","2017-01-02",0
"Finish","2017-01-03",0
"Finish","2017-01-04",0
"Finish","2017-01-05",0
"Finish","2017-01-06",0
"Finish","2017-01-07",0
"Finish","2017-01-08",0
"Finish","2017-01-09",0
"Finish","2017-01-10",0
"Finish","2017-01-11",0
"Finish","2017-01-12",1
"Finish","2017-01-13",0
"Finish","2017-01-14",0
"Finish","2017-01-15",0
"Finish","2017-01-16",0
"Finish","2017-01-17",0
"Finish","2017-01-18",0
"Finish","2017-01-19",0
"Finish","2017-01-20",0
"Finish","2017-01-21",0
"Finish","2017-01-22",0
"Finish","2017-01-23",0
"Finish","2017-01-24",0
"Finish","2017-01-25",0
"Finish","2017-01-26",0
"Finish","2017-01-27",0
"Finish","2017-01-28",0
"Finish","2017-01-29",0
"Finish","2017-01-30",0
"Finish","2017-01-31",0
"Finish","2017-02-01",0
"Finish","2017-02-02",0
"Finish","2017-02-03",0
"Finish","2017-02-04",0
"Finish","2017-02-05",1
"Finish","2017-02-06",0
"Finish","2017-02-07",1
"Finish","2017-02-08",0
"Finish","2017-02-09",0
"Finish","2017-02-10",0
"Finish","2017-02-11",0
"Finish","2017-02-12",0
"Finish","2017-02-13",0
"Finish","2017-02-14",0
"Finish","2017-02-15",0
"Finish","2017-02-16",0
"Finish","2017-02-17",1
"Finish","2017-02-18",0
"Finish","2017-02-19",0
"Finish","2017-02-20",0
"Finish","2017-02-21",0
"Finish","2017-02-22",1
"Finish","2017-02-23",0
"Finish","2017-02-24",0
"Finish","2017-02-25",0
"Finish","2017-02-26",1
"Finish","2017-02-27",0
"Finish","2017-02-28",1
"Finish","2017-03-01",0
"Finish","2017-03-02",0
"Finish","2017-03-03",1
"Finish","2017-03-09",0
"Finish","2017-03-11",0
"Finish","2017-03-12",0
"Finish","2017-03-13",0
"Finish","2017-03-14",1
"Finish","2017-03-15",0
"Finish","2017-03-17",0
"Finish","2017-03-18",0
"Finish","2017-03-19",0
"Finish","2017-03-20",0
"Finish","2017-03-21",0
"Finish","2017-03-22",0
"Finish","2017-03-23",0
"Finish","2017-03-24",0
"Finish","2017-03-25",0
"Finish","2017-03-26",0
"Finish","2017-03-28",0
"Finish","2017-03-29",0
"Finish","2017-03-30",0
"Finish","2017-03-31",0
"Finish","2017-04-01",0
"Finish","2017-04-02",0
"Finish","2017-04-03",0
"Finish","2017-04-04",1
"Finish","2017-04-05",2
"Finish","2017-04-06",1
"Finish","2017-04-10",0
"Finish","2017-04-11",0
"Finish","2017-04-12",1
"Finish","2017-04-13",0
"Finish","2017-04-14",0
"Finish","2017-04-15",0
"Finish","2017-04-16",0
"Finish","2017-04-17",0
"Finish","2017-04-18",1
"Finish","2017-04-19",0
"Finish","2017-04-20",0
"Finish","2017-04-21",0
"Finish","2017-04-22",0
"Finish","2017-04-23",0
"Finish","2017-04-24",0
"Finish","2017-04-25",0
"Finish","2017-04-26",0
"Finish","2017-04-27",0
"Finish","2017-04-28",0
"Finish","2017-04-29",0
"Finish","2017-04-30",0
"Finish","2017-05-01",0
"Finish","2017-05-02",0
"Finish","2017-05-03",0
"Finish","2017-05-04",0
"Finish","2017-05-05",0
"Finish","2017-05-06",1
"Finish","2017-05-07",1
"Finish","2017-05-08",0
"Finish","2017-05-09",1
"Finish","2017-05-10",0
"Finish","2017-05-11",0
"Finish","2017-05-12",0
"Finish","2017-05-13",0
"Finish","2017-05-14",0
"Finish","2017-05-15",0
"Finish","2017-05-16",0
"Finish","2017-05-17",0
"Finish","2017-05-18",0
"Finish","2017-05-19",0
"Finish","2017-05-20",0
"Finish","2017-05-21",0
"Finish","2017-05-22",0
"Finish","2017-05-23",0
"Finish","2017-05-24",0
"Finish","2017-05-25",0
"Finish","2017-05-26",0
"Finish","2017-05-27",0
"Finish","2017-05-28",0
"Finish","2017-05-29",0
"Finish","2017-05-30",0
"Finish","2017-05-31",0
"Finish","2017-06-01",0
"Finish","2017-06-02",0
"Finish","2017-06-03",0
"Finish","2017-06-04",0
"Finish","2017-06-05",0
"Finish","2017-06-06",0
"Finish","2017-06-07",0
"Finish","2017-06-08",0
"Finish","2017-06-09",0
"Finish","2017-06-10",0
"Finish","2017-06-11",0
"Finish","2017-06-12",0
"Finish","2017-06-13",3
"Finish","2017-06-14",0
"Finish","2017-06-15",0
"Finish","2017-06-16",0
"Finish","2017-06-17",0
"Finish","2017-06-18",0
"Finish","2017-06-19",0
"Finish","2017-06-20",0
"Finish","2017-06-21",1
"Finish","2017-06-22",0
"Finish","2017-06-23",0
"Finish","2017-06-24",0
"Finish","2017-06-25",0
"Finish","2017-06-26",0
"Finish","2017-06-27",0
"Finish","2017-06-28",0
"Finish","2017-06-29",0
"Finish","2017-06-30",0
"Finish","2017-07-01",0
"Finish","2017-07-02",0
"Finish","2017-07-03",0
"Finish","2017-07-04",1
"Finish","2017-07-05",0
"Finish","2017-07-06",0
"Finish","2017-07-07",0
"Finish","2017-07-08",0
"Finish","2017-07-09",0
"Finish","2017-07-10",0
"Finish","2017-07-11",0
"Finish","2017-07-12",0
"Finish","2017-07-13",0
"Finish","2017-07-14",0
"Finish","2017-07-15",0
"Finish","2017-07-16",0
"Finish","2017-07-17",0
"Finish","2017-07-18",1
"Finish","2017-07-19",0
"Finish","2017-07-20",0
"Finish","2017-07-21",0
"Finish","2017-07-22",1
"Finish","2017-07-23",0
"Finish","2017-07-24",0
"Finish","2017-07-25",0
"Finish","2017-07-26",0
"Finish","2017-07-27",0
"Finish","2017-07-28",0
"Finish","2017-07-29",0
"Finish","2017-07-30",0
"Finish","2017-07-31",0
"Finish","2017-08-01",0
"Finish","2017-08-02",0
"Finish","2017-08-03",0
"Finish","2017-08-04",1
"Finish","2017-08-05",0
"Finish","2017-08-06",0
"Finish","2017-08-07",0
"Finish","2017-08-08",0
"Finish","2017-08-09",0
"Finish","2017-08-10",0
"Finish","2017-08-11",0
"Finish","2017-08-12",0
"Finish","2017-08-13",0
"Finish","2017-08-14",0
"Finish","2017-08-15",0
"Finish","2017-08-16",1
"Finish","2017-08-17",0
"Finish","2017-08-18",0
"Finish","2017-08-19",0
"Finish","2017-08-20",0
"Finish","2017-08-21",0
"Finish","2017-08-22",0
"Finish","2017-08-23",0
"Finish","2017-08-24",0
"Finish","2017-08-25",0
"Finish","2017-08-26",0
"Finish","2017-08-27",0
"Finish","2017-08-28",0
"Finish","2017-08-29",0
"Finish","2017-08-30",0
"Finish","2017-08-31",0
"Finish","2017-09-01",0
"Finish","2017-09-02",0
"Finish","2017-09-03",0
"Finish","2017-09-04",0
"Finish","2017-09-05",0
"Finish","2017-09-06",0
"Finish","2017-09-07",0
"Finish","2017-09-08",0
"Finish","2017-09-09",0
"Finish","2017-09-10",0
"Finish","2017-09-11",0
"Finish","2017-09-12",0
"Finish","2017-09-13",1
"Finish","2017-09-14",0
"Finish","2017-09-15",0
"Finish","2017-09-16",0
"Finish","2017-09-17",0
"Finish","2017-09-18",0
"Finish","2017-09-19",0
"Finish","2017-09-20",0
"Finish","2017-09-21",0
"Finish","2017-09-22",0
"Finish","2017-09-23",1
"Finish","2017-09-24",0
"Finish","2017-09-25",1
"Finish","2017-09-26",0
"Finish","2017-09-27",0
"Finish","2017-09-28",1
"Finish","2017-09-29",0
"Finish","2017-09-30",0
"Finish","2017-10-01",0
"Finish","2017-10-02",0
"Finish","2017-10-03",1
"Finish","2017-10-04",0
"Finish","2017-10-05",0
"Finish","2017-10-06",0
"Finish","2017-10-07",0
"Finish","2017-10-08",1
"Finish","2017-10-09",0
"Finish","2017-10-10",0
"Finish","2017-10-11",0
"Finish","2017-10-12",0
"Finish","2017-10-13",0
"Finish","2017-10-14",0
"Finish","2017-10-15",0
"Finish","2017-10-16",0
"Finish","2017-10-17",1
"Finish","2017-10-18",1
"Finish","2017-10-19",0
"Finish","2017-10-20",0
"Finish","2017-10-21",0
"Finish","2017-10-22",0
"Finish","2017-10-23",0
"Finish","2017-10-24",0
"Finish","2017-10-25",0
"Finish","2017-10-26",0
"Finish","2017-11-07",0
"Finish","2017-11-08",0
"Finish","2017-11-09",0
"Finish","2017-11-10",0
"Finish","2017-11-11",0
"Finish","2017-11-12",0
"Finish","2017-11-13",0
"Finish","2017-11-14",0
"Finish","2017-11-15",0
"Finish","2017-11-16",0
"Finish","2017-11-17",0
"Finish","2017-11-18",0
"Finish","2017-11-19",0
"Finish","2017-11-20",0
"Finish","2017-11-22",0
"Finish","2017-11-23",0
"Finish","2017-11-24",0
"Finish","2017-11-25",0
"Finish","2017-11-26",0
"Finish","2017-11-27",0
"Finish","2017-11-28",0
"Finish","2017-11-29",0
"Finish","2017-11-30",0
"Finish","2017-12-01",0
"Finish","2017-12-02",0
"Finish","2017-12-03",0
"Finish","2017-12-04",0
"Finish","2017-12-05",0
"Finish","2017-12-06",0
"Finish","2017-12-07",0
"Finish","2017-12-08",0
"Finish","2017-12-09",0
"Finish","2017-12-10",0
"Finish","2017-12-11",0
"Finish","2017-12-12",0
"Finish","2017-12-13",0
"Finish","2017-12-14",0
"Finish","2017-12-15",0
"Finish","2017-12-16",0
"Finish","2017-12-17",0
"Finish","2017-12-18",0
"Finish","2017-12-19",0
"Finish","2017-12-20",1
"Finish","2017-12-21",0
"Finish","2017-12-22",0
"Finish","2017-12-23",0
"Finish","2017-12-24",1
"Finish","2017-12-25",0
"Finish","2017-12-26",0
"Finish","2017-12-27",0
"Finish","2017-12-28",0
"Finish","2017-12-29",0
"Finish","2017-12-30",0
"Finish","2017-12-31",0
"Finish","2018-01-01",0
"Finish","2018-01-02",0
"Finish","2018-01-03",0
"Finish","2018-01-04",0
"Finish","2018-01-05",0
"Finish","2018-01-06",0
"Finish","2018-01-07",0
"Finish","2018-01-08",0
"Finish","2018-01-09",0
"Finish","2018-01-10",0
"Finish","2018-01-11",0
"Finish","2018-01-12",0
"Finish","2018-01-13",1
"Finish","2018-01-14",0
"Finish","2018-01-15",0
"Finish","2018-01-16",0
"Finish","2018-01-17",0
"Finish","2018-01-18",0
"Finish","2018-01-19",0
"Finish","2018-01-20",0
"Finish","2018-01-21",0
"Finish","2018-01-22",0
"Finish","2018-01-23",0
"Finish","2018-01-24",0
"Finish","2018-01-25",0
"Finish","2018-01-26",0
"Finish","2018-01-27",0
"Finish","2018-01-28",0
"Finish","2018-01-29",0
"Finish","2018-01-30",0
"Finish","2018-01-31",0
"Finish","2018-02-01",0
"Finish","2018-02-02",0
"Finish","2018-02-03",0
"Finish","2018-02-04",0
"Finish","2018-02-05",0
"Finish","2018-02-06",0
"Finish","2018-02-07",0
"Finish","2018-02-08",0
"Finish","2018-02-09",0
"Finish","2018-02-10",0
"Finish","2018-02-11",0
"Finish","2018-02-12",0
"Finish","2018-02-13",0
"Finish","2018-02-14",0
"Finish","2018-02-15",0
"Finish","2018-02-16",0
"Finish","2018-02-17",1
"Finish","2018-02-18",0
"Finish","2018-02-19",0
"Finish","2018-02-20",0
"Finish","2018-02-21",0
"Finish","2018-02-22",0
"Finish","2018-02-23",0
"Finish","2018-02-24",0
"Finish","2018-02-25",0
"Finish","2018-02-26",0
"Icelandic","2016-11-06",0
"Icelandic","2016-11-07",0
"Icelandic","2016-11-08",0
"Icelandic","2016-11-09",0
"Icelandic","2016-11-10",0
"Icelandic","2016-11-11",0
"Icelandic","2016-11-12",3
"Icelandic","2016-11-13",0
"Icelandic","2016-11-14",1
"Icelandic","2016-11-15",0
"Icelandic","2016-11-16",0
"Icelandic","2016-11-17",0
"Icelandic","2016-11-18",0
"Icelandic","2016-11-19",2
"Icelandic","2016-11-20",1
"Icelandic","2016-11-21",1
"Icelandic","2016-11-22",0
"Icelandic","2016-11-23",0
"Icelandic","2016-11-24",0
"Icelandic","2016-11-25",1
"Icelandic","2016-11-26",0
"Icelandic","2016-11-27",0
"Icelandic","2016-11-28",0
"Icelandic","2016-11-29",0
"Icelandic","2016-11-30",0
"Icelandic","2016-12-01",0
"Icelandic","2016-12-02",0
"Icelandic","2016-12-03",0
"Icelandic","2016-12-04",0
"Icelandic","2016-12-05",0
"Icelandic","2016-12-06",0
"Icelandic","2016-12-07",0
"Icelandic","2016-12-08",1
"Icelandic","2016-12-09",0
"Icelandic","2016-12-10",1
"Icelandic","2016-12-11",0
"Icelandic","2016-12-12",0
"Icelandic","2016-12-13",0
"Icelandic","2016-12-14",0
"Icelandic","2016-12-15",0
"Icelandic","2016-12-16",0
"Icelandic","2016-12-17",0
"Icelandic","2016-12-18",0
"Icelandic","2016-12-19",0
"Icelandic","2016-12-20",0
"Icelandic","2016-12-21",0
"Icelandic","2016-12-28",0
"Icelandic","2016-12-29",0
"Icelandic","2016-12-30",0
"Icelandic","2016-12-31",0
"Icelandic","2017-01-01",0
"Icelandic","2017-01-02",0
"Icelandic","2017-01-03",2
"Icelandic","2017-01-04",0
"Icelandic","2017-01-05",0
"Icelandic","2017-01-06",0
"Icelandic","2017-01-07",0
"Icelandic","2017-01-08",5
"Icelandic","2017-01-09",0
"Icelandic","2017-01-10",0
"Icelandic","2017-01-11",0
"Icelandic","2017-01-12",0
"Icelandic","2017-01-13",0
"Icelandic","2017-01-14",0
"Icelandic","2017-01-15",0
"Icelandic","2017-01-16",0
"Icelandic","2017-01-17",2
"Icelandic","2017-01-18",3
"Icelandic","2017-01-19",0
"Icelandic","2017-01-20",0
"Icelandic","2017-01-21",3
"Icelandic","2017-01-22",1
"Icelandic","2017-01-23",0
"Icelandic","2017-01-24",0
"Icelandic","2017-01-25",0
"Icelandic","2017-01-26",0
"Icelandic","2017-01-27",0
"Icelandic","2017-01-28",0
"Icelandic","2017-01-29",1
"Icelandic","2017-01-30",0
"Icelandic","2017-01-31",0
"Icelandic","2017-02-01",0
"Icelandic","2017-02-02",0
"Icelandic","2017-02-03",0
"Icelandic","2017-02-04",0
"Icelandic","2017-02-05",0
"Icelandic","2017-02-06",0
"Icelandic","2017-02-07",0
"Icelandic","2017-02-08",0
"Icelandic","2017-02-09",1
"Icelandic","2017-02-10",0
"Icelandic","2017-02-11",0
"Icelandic","2017-02-12",0
"Icelandic","2017-02-13",0
"Icelandic","2017-02-14",0
"Icelandic","2017-02-15",0
"Icelandic","2017-02-16",0
"Icelandic","2017-02-17",0
"Icelandic","2017-02-18",1
"Icelandic","2017-02-19",0
"Icelandic","2017-02-20",0
"Icelandic","2017-02-21",0
"Icelandic","2017-02-22",0
"Icelandic","2017-02-23",0
"Icelandic","2017-02-24",1
"Icelandic","2017-02-25",4
"Icelandic","2017-02-26",1
"Icelandic","2017-02-27",0
"Icelandic","2017-02-28",1
"Icelandic","2017-03-01",0
"Icelandic","2017-03-02",0
"Icelandic","2017-03-03",0
"Icelandic","2017-03-09",0
"Icelandic","2017-03-11",0
"Icelandic","2017-03-12",0
"Icelandic","2017-03-13",0
"Icelandic","2017-03-14",0
"Icelandic","2017-03-15",0
"Icelandic","2017-03-17",3
"Icelandic","2017-03-18",1
"Icelandic","2017-03-19",0
"Icelandic","2017-03-20",0
"Icelandic","2017-03-21",0
"Icelandic","2017-03-22",1
"Icelandic","2017-03-23",0
"Icelandic","2017-03-24",0
"Icelandic","2017-03-25",1
"Icelandic","2017-03-26",0
"Icelandic","2017-03-28",0
"Icelandic","2017-03-29",0
"Icelandic","2017-03-30",0
"Icelandic","2017-03-31",0
"Icelandic","2017-04-01",1
"Icelandic","2017-04-02",0
"Icelandic","2017-04-03",0
"Icelandic","2017-04-04",0
"Icelandic","2017-04-05",0
"Icelandic","2017-04-06",1
"Icelandic","2017-04-10",0
"Icelandic","2017-04-11",0
"Icelandic","2017-04-12",0
"Icelandic","2017-04-13",0
"Icelandic","2017-04-14",0
"Icelandic","2017-04-15",0
"Icelandic","2017-04-16",0
"Icelandic","2017-04-17",0
"Icelandic","2017-04-18",0
"Icelandic","2017-04-19",0
"Icelandic","2017-04-20",0
"Icelandic","2017-04-21",0
"Icelandic","2017-04-22",0
"Icelandic","2017-04-23",0
"Icelandic","2017-04-24",0
"Icelandic","2017-04-25",0
"Icelandic","2017-04-26",0
"Icelandic","2017-04-27",0
"Icelandic","2017-04-28",0
"Icelandic","2017-04-29",1
"Icelandic","2017-04-30",0
"Icelandic","2017-05-01",0
"Icelandic","2017-05-02",0
"Icelandic","2017-05-03",0
"Icelandic","2017-05-04",0
"Icelandic","2017-05-05",0
"Icelandic","2017-05-06",0
"Icelandic","2017-05-07",0
"Icelandic","2017-05-08",0
"Icelandic","2017-05-09",0
"Icelandic","2017-05-10",0
"Icelandic","2017-05-11",0
"Icelandic","2017-05-12",1
"Icelandic","2017-05-13",0
"Icelandic","2017-05-14",0
"Icelandic","2017-05-15",0
"Icelandic","2017-05-16",0
"Icelandic","2017-05-17",0
"Icelandic","2017-05-18",0
"Icelandic","2017-05-19",0
"Icelandic","2017-05-20",0
"Icelandic","2017-05-21",0
"Icelandic","2017-05-22",0
"Icelandic","2017-05-23",0
"Icelandic","2017-05-24",1
"Icelandic","2017-05-25",0
"Icelandic","2017-05-26",0
"Icelandic","2017-05-27",0
"Icelandic","2017-05-28",0
"Icelandic","2017-05-29",0
"Icelandic","2017-05-30",0
"Icelandic","2017-05-31",0
"Icelandic","2017-06-01",0
"Icelandic","2017-06-02",0
"Icelandic","2017-06-03",0
"Icelandic","2017-06-04",0
"Icelandic","2017-06-05",0
"Icelandic","2017-06-06",0
"Icelandic","2017-06-07",0
"Icelandic","2017-06-08",0
"Icelandic","2017-06-09",0
"Icelandic","2017-06-10",0
"Icelandic","2017-06-11",0
"Icelandic","2017-06-12",0
"Icelandic","2017-06-13",0
"Icelandic","2017-06-14",0
"Icelandic","2017-06-15",0
"Icelandic","2017-06-16",0
"Icelandic","2017-06-17",0
"Icelandic","2017-06-18",0
"Icelandic","2017-06-19",0
"Icelandic","2017-06-20",0
"Icelandic","2017-06-21",0
"Icelandic","2017-06-22",0
"Icelandic","2017-06-23",0
"Icelandic","2017-06-24",0
"Icelandic","2017-06-25",0
"Icelandic","2017-06-26",0
"Icelandic","2017-06-27",0
"Icelandic","2017-06-28",0
"Icelandic","2017-06-29",0
"Icelandic","2017-06-30",0
"Icelandic","2017-07-01",0
"Icelandic","2017-07-02",0
"Icelandic","2017-07-03",0
"Icelandic","2017-07-04",0
"Icelandic","2017-07-05",0
"Icelandic","2017-07-06",0
"Icelandic","2017-07-07",0
"Icelandic","2017-07-08",2
"Icelandic","2017-07-09",0
"Icelandic","2017-07-10",0
"Icelandic","2017-07-11",0
"Icelandic","2017-07-12",0
"Icelandic","2017-07-13",0
"Icelandic","2017-07-14",0
"Icelandic","2017-07-15",0
"Icelandic","2017-07-16",0
"Icelandic","2017-07-17",1
"Icelandic","2017-07-18",0
"Icelandic","2017-07-19",0
"Icelandic","2017-07-20",0
"Icelandic","2017-07-21",0
"Icelandic","2017-07-22",0
"Icelandic","2017-07-23",0
"Icelandic","2017-07-24",0
"Icelandic","2017-07-25",0
"Icelandic","2017-07-26",0
"Icelandic","2017-07-27",0
"Icelandic","2017-07-28",0
"Icelandic","2017-07-29",1
"Icelandic","2017-07-30",0
"Icelandic","2017-07-31",2
"Icelandic","2017-08-01",0
"Icelandic","2017-08-02",0
"Icelandic","2017-08-03",0
"Icelandic","2017-08-04",0
"Icelandic","2017-08-05",0
"Icelandic","2017-08-06",0
"Icelandic","2017-08-07",0
"Icelandic","2017-08-08",0
"Icelandic","2017-08-09",0
"Icelandic","2017-08-10",0
"Icelandic","2017-08-11",0
"Icelandic","2017-08-12",0
"Icelandic","2017-08-13",0
"Icelandic","2017-08-14",0
"Icelandic","2017-08-15",1
"Icelandic","2017-08-16",0
"Icelandic","2017-08-17",0
"Icelandic","2017-08-18",1
"Icelandic","2017-08-19",0
"Icelandic","2017-08-20",0
"Icelandic","2017-08-21",0
"Icelandic","2017-08-22",0
"Icelandic","2017-08-23",0
"Icelandic","2017-08-24",0
"Icelandic","2017-08-25",0
"Icelandic","2017-08-26",1
"Icelandic","2017-08-27",0
"Icelandic","2017-08-28",0
"Icelandic","2017-08-29",0
"Icelandic","2017-08-30",0
"Icelandic","2017-08-31",0
"Icelandic","2017-09-01",0
"Icelandic","2017-09-02",0
"Icelandic","2017-09-03",0
"Icelandic","2017-09-04",0
"Icelandic","2017-09-05",0
"Icelandic","2017-09-06",0
"Icelandic","2017-09-07",0
"Icelandic","2017-09-08",1
"Icelandic","2017-09-09",0
"Icelandic","2017-09-10",0
"Icelandic","2017-09-11",0
"Icelandic","2017-09-12",1
"Icelandic","2017-09-13",0
"Icelandic","2017-09-14",0
"Icelandic","2017-09-15",0
"Icelandic","2017-09-16",0
"Icelandic","2017-09-17",0
"Icelandic","2017-09-18",0
"Icelandic","2017-09-19",0
"Icelandic","2017-09-20",0
"Icelandic","2017-09-21",0
"Icelandic","2017-09-22",0
"Icelandic","2017-09-23",0
"Icelandic","2017-09-24",0
"Icelandic","2017-09-25",0
"Icelandic","2017-09-26",0
"Icelandic","2017-09-27",0
"Icelandic","2017-09-28",0
"Icelandic","2017-09-29",1
"Icelandic","2017-09-30",0
"Icelandic","2017-10-01",0
"Icelandic","2017-10-02",0
"Icelandic","2017-10-03",0
"Icelandic","2017-10-04",0
"Icelandic","2017-10-05",2
"Icelandic","2017-10-06",0
"Icelandic","2017-10-07",0
"Icelandic","2017-10-08",0
"Icelandic","2017-10-09",0
"Icelandic","2017-10-10",0
"Icelandic","2017-10-11",0
"Icelandic","2017-10-12",0
"Icelandic","2017-10-13",0
"Icelandic","2017-10-14",0
"Icelandic","2017-10-15",0
"Icelandic","2017-10-16",0
"Icelandic","2017-10-17",0
"Icelandic","2017-10-18",0
"Icelandic","2017-10-19",0
"Icelandic","2017-10-20",0
"Icelandic","2017-10-21",1
"Icelandic","2017-10-22",0
"Icelandic","2017-10-23",0
"Icelandic","2017-10-24",0
"Icelandic","2017-10-25",0
"Icelandic","2017-10-26",0
"Icelandic","2017-11-07",0
"Icelandic","2017-11-08",0
"Icelandic","2017-11-09",0
"Icelandic","2017-11-10",1
"Icelandic","2017-11-11",0
"Icelandic","2017-11-12",0
"Icelandic","2017-11-13",0
"Icelandic","2017-11-14",0
"Icelandic","2017-11-15",0
"Icelandic","2017-11-16",0
"Icelandic","2017-11-17",0
"Icelandic","2017-11-18",0
"Icelandic","2017-11-19",0
"Icelandic","2017-11-20",0
"Icelandic","2017-11-22",1
"Icelandic","2017-11-23",0
"Icelandic","2017-11-24",0
"Icelandic","2017-11-25",0
"Icelandic","2017-11-26",0
"Icelandic","2017-11-27",0
"Icelandic","2017-11-28",0
"Icelandic","2017-11-29",0
"Icelandic","2017-11-30",0
"Icelandic","2017-12-01",0
"Icelandic","2017-12-02",0
"Icelandic","2017-12-03",1
"Icelandic","2017-12-04",0
"Icelandic","2017-12-05",0
"Icelandic","2017-12-06",0
"Icelandic","2017-12-07",0
"Icelandic","2017-12-08",0
"Icelandic","2017-12-09",0
"Icelandic","2017-12-10",0
"Icelandic","2017-12-11",0
"Icelandic","2017-12-12",0
"Icelandic","2017-12-13",0
"Icelandic","2017-12-14",0
"Icelandic","2017-12-15",0
"Icelandic","2017-12-16",0
"Icelandic","2017-12-17",0
"Icelandic","2017-12-18",0
"Icelandic","2017-12-19",0
"Icelandic","2017-12-20",0
"Icelandic","2017-12-21",0
"Icelandic","2017-12-22",0
"Icelandic","2017-12-23",0
"Icelandic","2017-12-24",1
"Icelandic","2017-12-25",0
"Icelandic","2017-12-26",0
"Icelandic","2017-12-27",0
"Icelandic","2017-12-28",0
"Icelandic","2017-12-29",0
"Icelandic","2017-12-30",0
"Icelandic","2017-12-31",0
"Icelandic","2018-01-01",0
"Icelandic","2018-01-02",0
"Icelandic","2018-01-03",0
"Icelandic","2018-01-04",0
"Icelandic","2018-01-05",0
"Icelandic","2018-01-06",0
"Icelandic","2018-01-07",0
"Icelandic","2018-01-08",0
"Icelandic","2018-01-09",0
"Icelandic","2018-01-10",0
"Icelandic","2018-01-11",0
"Icelandic","2018-01-12",0
"Icelandic","2018-01-13",0
"Icelandic","2018-01-14",0
"Icelandic","2018-01-15",0
"Icelandic","2018-01-16",0
"Icelandic","2018-01-17",0
"Icelandic","2018-01-18",0
"Icelandic","2018-01-19",1
"Icelandic","2018-01-20",1
"Icelandic","2018-01-21",0
"Icelandic","2018-01-22",0
"Icelandic","2018-01-23",0
"Icelandic","2018-01-24",0
"Icelandic","2018-01-25",0
"Icelandic","2018-01-26",0
"Icelandic","2018-01-27",0
"Icelandic","2018-01-28",0
"Icelandic","2018-01-29",0
"Icelandic","2018-01-30",0
"Icelandic","2018-01-31",0
"Icelandic","2018-02-01",0
"Icelandic","2018-02-02",0
"Icelandic","2018-02-03",1
"Icelandic","2018-02-04",0
"Icelandic","2018-02-05",0
"Icelandic","2018-02-06",0
"Icelandic","2018-02-07",0
"Icelandic","2018-02-08",0
"Icelandic","2018-02-09",0
"Icelandic","2018-02-10",0
"Icelandic","2018-02-11",0
"Icelandic","2018-02-12",1
"Icelandic","2018-02-13",0
"Icelandic","2018-02-14",0
"Icelandic","2018-02-15",0
"Icelandic","2018-02-16",0
"Icelandic","2018-02-17",0
"Icelandic","2018-02-18",1
"Icelandic","2018-02-19",0
"Icelandic","2018-02-20",0
"Icelandic","2018-02-21",0
"Icelandic","2018-02-22",0
"Icelandic","2018-02-23",0
"Icelandic","2018-02-24",0
"Icelandic","2018-02-25",0
"Icelandic","2018-02-26",0
"English","2016-11-06",82
"English","2016-11-07",50
"English","2016-11-08",48
"English","2016-11-09",84
"English","2016-11-10",48
"English","2016-11-11",21
"English","2016-11-12",39
"English","2016-11-13",29
"English","2016-11-14",27
"English","2016-11-15",23
"English","2016-11-16",18
"English","2016-11-17",46
"English","2016-11-18",65
"English","2016-11-19",52
"English","2016-11-20",30
"English","2016-11-21",31
"English","2016-11-22",44
"English","2016-11-23",42
"English","2016-11-24",31
"English","2016-11-25",14
"English","2016-11-26",26
"English","2016-11-27",13
"English","2016-11-28",25
"English","2016-11-29",32
"English","2016-11-30",45
"English","2016-12-01",29
"English","2016-12-02",34
"English","2016-12-03",31
"English","2016-12-04",34
"English","2016-12-05",36
"English","2016-12-06",28
"English","2016-12-07",38
"English","2016-12-08",24
"English","2016-12-09",28
"English","2016-12-10",30
"English","2016-12-11",37
"English","2016-12-12",29
"English","2016-12-13",32
"English","2016-12-14",40
"English","2016-12-15",38
"English","2016-12-16",33
"English","2016-12-17",46
"English","2016-12-18",14
"English","2016-12-19",17
"English","2016-12-20",44
"English","2016-12-21",24
"English","2016-12-28",16
"English","2016-12-29",39
"English","2016-12-30",19
"English","2016-12-31",46
"English","2017-01-01",24
"English","2017-01-02",41
"English","2017-01-03",36
"English","2017-01-04",27
"English","2017-01-05",32
"English","2017-01-06",32
"English","2017-01-07",13
"English","2017-01-08",20
"English","2017-01-09",15
"English","2017-01-10",22
"English","2017-01-11",41
"English","2017-01-12",18
"English","2017-01-13",38
"English","2017-01-14",39
"English","2017-01-15",46
"English","2017-01-16",25
"English","2017-01-17",28
"English","2017-01-18",14
"English","2017-01-19",48
"English","2017-01-20",49
"English","2017-01-21",65
"English","2017-01-22",51
"English","2017-01-23",29
"English","2017-01-24",20
"English","2017-01-25",27
"English","2017-01-26",34
"English","2017-01-27",28
"English","2017-01-28",23
"English","2017-01-29",17
"English","2017-01-30",36
"English","2017-01-31",24
"English","2017-02-01",21
"English","2017-02-02",17
"English","2017-02-03",16
"English","2017-02-04",48
"English","2017-02-05",25
"English","2017-02-06",39
"English","2017-02-07",24
"English","2017-02-08",19
"English","2017-02-09",53
"English","2017-02-10",40
"English","2017-02-11",43
"English","2017-02-12",39
"English","2017-02-13",42
"English","2017-02-14",33
"English","2017-02-15",46
"English","2017-02-16",60
"English","2017-02-17",47
"English","2017-02-18",46
"English","2017-02-19",44
"English","2017-02-20",76
"English","2017-02-21",34
"English","2017-02-22",39
"English","2017-02-23",30
"English","2017-02-24",57
"English","2017-02-25",27
"English","2017-02-26",34
"English","2017-02-27",58
"English","2017-02-28",48
"English","2017-03-01",67
"English","2017-03-02",55
"English","2017-03-03",46
"English","2017-03-09",13
"English","2017-03-11",14
"English","2017-03-12",17
"English","2017-03-13",46
"English","2017-03-14",35
"English","2017-03-15",47
"English","2017-03-17",47
"English","2017-03-18",36
"English","2017-03-19",37
"English","2017-03-20",27
"English","2017-03-21",60
"English","2017-03-22",49
"English","2017-03-23",25
"English","2017-03-24",41
"English","2017-03-25",34
"English","2017-03-26",22
"English","2017-03-28",47
"English","2017-03-29",24
"English","2017-03-30",47
"English","2017-03-31",41
"English","2017-04-01",46
"English","2017-04-02",41
"English","2017-04-03",44
"English","2017-04-04",38
"English","2017-04-05",34
"English","2017-04-06",18
"English","2017-04-10",19
"English","2017-04-11",31
"English","2017-04-12",39
"English","2017-04-13",42
"English","2017-04-14",36
"English","2017-04-15",23
"English","2017-04-16",38
"English","2017-04-17",42
"English","2017-04-18",22
"English","2017-04-19",22
"English","2017-04-20",36
"English","2017-04-21",33
"English","2017-04-22",28
"English","2017-04-23",27
"English","2017-04-24",32
"English","2017-04-25",47
"English","2017-04-26",33
"English","2017-04-27",4
"English","2017-04-28",26
"English","2017-04-29",26
"English","2017-04-30",20
"English","2017-05-01",32
"English","2017-05-02",27
"English","2017-05-03",25
"English","2017-05-04",49
"English","2017-05-05",49
"English","2017-05-06",48
"English","2017-05-07",35
"English","2017-05-08",32
"English","2017-05-09",23
"English","2017-05-10",24
"English","2017-05-11",28
"English","2017-05-12",39
"English","2017-05-13",34
"English","2017-05-14",33
"English","2017-05-15",40
"English","2017-05-16",22
"English","2017-05-17",36
"English","2017-05-18",28
"English","2017-05-19",19
"English","2017-05-20",19
"English","2017-05-21",31
"English","2017-05-22",34
"English","2017-05-23",35
"English","2017-05-24",14
"English","2017-05-25",27
"English","2017-05-26",43
"English","2017-05-27",39
"English","2017-05-28",22
"English","2017-05-29",34
"English","2017-05-30",21
"English","2017-05-31",31
"English","2017-06-01",37
"English","2017-06-02",43
"English","2017-06-03",33
"English","2017-06-04",35
"English","2017-06-05",36
"English","2017-06-06",34
"English","2017-06-07",36
"English","2017-06-08",57
"English","2017-06-09",50
"English","2017-06-10",41
"English","2017-06-11",45
"English","2017-06-12",41
"English","2017-06-13",18
"English","2017-06-14",23
"English","2017-06-15",25
"English","2017-06-16",35
"English","2017-06-17",49
"English","2017-06-18",39
"English","2017-06-19",28
"English","2017-06-20",35
"English","2017-06-21",33
"English","2017-06-22",29
"English","2017-06-23",15
"English","2017-06-24",29
"English","2017-06-25",23
"English","2017-06-26",16
"English","2017-06-27",26
"English","2017-06-28",31
"English","2017-06-29",56
"English","2017-06-30",31
"English","2017-07-01",24
"English","2017-07-02",48
"English","2017-07-03",23
"English","2017-07-04",70
"English","2017-07-05",42
"English","2017-07-06",68
"English","2017-07-07",21
"English","2017-07-08",38
"English","2017-07-09",24
"English","2017-07-10",51
"English","2017-07-11",49
"English","2017-07-12",87
"English","2017-07-13",63
"English","2017-07-14",71
"English","2017-07-15",66
"English","2017-07-16",48
"English","2017-07-17",32
"English","2017-07-18",26
"English","2017-07-19",38
"English","2017-07-20",60
"English","2017-07-21",33
"English","2017-07-22",49
"English","2017-07-23",33
"English","2017-07-24",22
"English","2017-07-25",37
"English","2017-07-26",31
"English","2017-07-27",28
"English","2017-07-28",22
"English","2017-07-29",78
"English","2017-07-30",31
"English","2017-07-31",63
"English","2017-08-01",38
"English","2017-08-02",47
"English","2017-08-03",36
"English","2017-08-04",35
"English","2017-08-05",28
"English","2017-08-06",32
"English","2017-08-07",56
"English","2017-08-08",65
"English","2017-08-09",40
"English","2017-08-10",34
"English","2017-08-11",36
"English","2017-08-12",44
"English","2017-08-13",39
"English","2017-08-14",58
"English","2017-08-15",56
"English","2017-08-16",104
"English","2017-08-17",74
"English","2017-08-18",46
"English","2017-08-19",62
"English","2017-08-20",24
"English","2017-08-21",35
"English","2017-08-22",51
"English","2017-08-23",36
"English","2017-08-24",58
"English","2017-08-25",22
"English","2017-08-26",31
"English","2017-08-27",81
"English","2017-08-28",48
"English","2017-08-29",28
"English","2017-08-30",43
"English","2017-08-31",34
"English","2017-09-01",26
"English","2017-09-02",62
"English","2017-09-03",38
"English","2017-09-04",58
"English","2017-09-05",15
"English","2017-09-06",28
"English","2017-09-07",48
"English","2017-09-08",36
"English","2017-09-09",127
"English","2017-09-10",105
"English","2017-09-11",49
"English","2017-09-12",30
"English","2017-09-13",61
"English","2017-09-14",33
"English","2017-09-15",74
"English","2017-09-16",83
"English","2017-09-17",73
"English","2017-09-18",190
"English","2017-09-19",33
"English","2017-09-20",76
"English","2017-09-21",45
"English","2017-09-22",78
"English","2017-09-23",38
"English","2017-09-24",52
"English","2017-09-25",106
"English","2017-09-26",47
"English","2017-09-27",28
"English","2017-09-28",32
"English","2017-09-29",73
"English","2017-09-30",48
"English","2017-10-01",49
"English","2017-10-02",57
"English","2017-10-03",37
"English","2017-10-04",39
"English","2017-10-05",47
"English","2017-10-06",40
"English","2017-10-07",23
"English","2017-10-08",34
"English","2017-10-09",117
"English","2017-10-10",34
"English","2017-10-11",30
"English","2017-10-12",24
"English","2017-10-13",45
"English","2017-10-14",55
"English","2017-10-15",42
"English","2017-10-16",26
"English","2017-10-17",139
"English","2017-10-18",48
"English","2017-10-19",23
"English","2017-10-20",105
"English","2017-10-21",61
"English","2017-10-22",78
"English","2017-10-23",92
"English","2017-10-24",72
"English","2017-10-25",64
"English","2017-10-26",37
"English","2017-11-07",26
"English","2017-11-08",47
"English","2017-11-09",58
"English","2017-11-10",92
"English","2017-11-11",66
"English","2017-11-12",63
"English","2017-11-13",29
"English","2017-11-14",63
"English","2017-11-15",22
"English","2017-11-16",33
"English","2017-11-17",73
"English","2017-11-18",83
"English","2017-11-19",77
"English","2017-11-20",96
"English","2017-11-22",30
"English","2017-11-23",40
"English","2017-11-24",30
"English","2017-11-25",19
"English","2017-11-26",139
"English","2017-11-27",29
"English","2017-11-28",16
"English","2017-11-29",84
"English","2017-11-30",28
"English","2017-12-01",25
"English","2017-12-02",41
"English","2017-12-03",81
"English","2017-12-04",40
"English","2017-12-05",14
"English","2017-12-06",9
"English","2017-12-07",20
"English","2017-12-08",7
"English","2017-12-09",18
"English","2017-12-10",29
"English","2017-12-11",21
"English","2017-12-12",26
"English","2017-12-13",37
"English","2017-12-14",21
"English","2017-12-15",20
"English","2017-12-16",20
"English","2017-12-17",18
"English","2017-12-18",24
"English","2017-12-19",16
"English","2017-12-20",10
"English","2017-12-21",19
"English","2017-12-22",26
"English","2017-12-23",41
"English","2017-12-24",46
"English","2017-12-25",38
"English","2017-12-26",26
"English","2017-12-27",29
"English","2017-12-28",26
"English","2017-12-29",21
"English","2017-12-30",38
"English","2017-12-31",36
"English","2018-01-01",29
"English","2018-01-02",34
"English","2018-01-03",25
"English","2018-01-04",17
"English","2018-01-05",21
"English","2018-01-06",21
"English","2018-01-07",34
"English","2018-01-08",37
"English","2018-01-09",25
"English","2018-01-10",22
"English","2018-01-11",33
"English","2018-01-12",31
"English","2018-01-13",16
"English","2018-01-14",22
"English","2018-01-15",22
"English","2018-01-16",16
"English","2018-01-17",17
"English","2018-01-18",19
"English","2018-01-19",16
"English","2018-01-20",12
"English","2018-01-21",6
"English","2018-01-22",15
"English","2018-01-23",15
"English","2018-01-24",14
"English","2018-01-25",18
"English","2018-01-26",10
"English","2018-01-27",27
"English","2018-01-28",21
"English","2018-01-29",15
"English","2018-01-30",11
"English","2018-01-31",15
"English","2018-02-01",24
"English","2018-02-02",12
"English","2018-02-03",27
"English","2018-02-04",31
"English","2018-02-05",17
"English","2018-02-06",23
"English","2018-02-07",14
"English","2018-02-08",18
"English","2018-02-09",25
"English","2018-02-10",41
"English","2018-02-11",23
"English","2018-02-12",27
"English","2018-02-13",26
"English","2018-02-14",25
"English","2018-02-15",31
"English","2018-02-16",21
"English","2018-02-17",24
"English","2018-02-18",28
"English","2018-02-19",20
"English","2018-02-20",36
"English","2018-02-21",37
"English","2018-02-22",37
"English","2018-02-23",12
"English","2018-02-24",45
"English","2018-02-25",20
"English","2018-02-26",19
"Other","2016-11-06",79
"Other","2016-11-07",30
"Other","2016-11-08",37
"Other","2016-11-09",53
"Other","2016-11-10",35
"Other","2016-11-11",52
"Other","2016-11-12",32
"Other","2016-11-13",40
"Other","2016-11-14",10
"Other","2016-11-15",29
"Other","2016-11-16",38
"Other","2016-11-17",45
"Other","2016-11-18",55
"Other","2016-11-19",17
"Other","2016-11-20",13
"Other","2016-11-21",15
"Other","2016-11-22",14
"Other","2016-11-23",25
"Other","2016-11-24",18
"Other","2016-11-25",15
"Other","2016-11-26",11
"Other","2016-11-27",21
"Other","2016-11-28",16
"Other","2016-11-29",15
"Other","2016-11-30",11
"Other","2016-12-01",19
"Other","2016-12-02",12
"Other","2016-12-03",13
"Other","2016-12-04",11
"Other","2016-12-05",12
"Other","2016-12-06",22
"Other","2016-12-07",8
"Other","2016-12-08",27
"Other","2016-12-09",23
"Other","2016-12-10",13
"Other","2016-12-11",14
"Other","2016-12-12",20
"Other","2016-12-13",18
"Other","2016-12-14",16
"Other","2016-12-15",5
"Other","2016-12-16",7
"Other","2016-12-17",10
"Other","2016-12-18",11
"Other","2016-12-19",16
"Other","2016-12-20",8
"Other","2016-12-21",7
"Other","2016-12-28",10
"Other","2016-12-29",14
"Other","2016-12-30",13
"Other","2016-12-31",28
"Other","2017-01-01",21
"Other","2017-01-02",2
"Other","2017-01-03",7
"Other","2017-01-04",5
"Other","2017-01-05",9
"Other","2017-01-06",3
"Other","2017-01-07",13
"Other","2017-01-08",3
"Other","2017-01-09",4
"Other","2017-01-10",5
"Other","2017-01-11",8
"Other","2017-01-12",13
"Other","2017-01-13",19
"Other","2017-01-14",19
"Other","2017-01-15",25
"Other","2017-01-16",7
"Other","2017-01-17",1
"Other","2017-01-18",4
"Other","2017-01-19",6
"Other","2017-01-20",10
"Other","2017-01-21",13
"Other","2017-01-22",12
"Other","2017-01-23",15
"Other","2017-01-24",14
"Other","2017-01-25",10
"Other","2017-01-26",4
"Other","2017-01-27",9
"Other","2017-01-28",1
"Other","2017-01-29",5
"Other","2017-01-30",6
"Other","2017-01-31",11
"Other","2017-02-01",5
"Other","2017-02-02",2
"Other","2017-02-03",4
"Other","2017-02-04",3
"Other","2017-02-05",6
"Other","2017-02-06",23
"Other","2017-02-07",16
"Other","2017-02-08",15
"Other","2017-02-09",7
"Other","2017-02-10",2
"Other","2017-02-11",12
"Other","2017-02-12",5
"Other","2017-02-13",11
"Other","2017-02-14",11
"Other","2017-02-15",7
"Other","2017-02-16",10
"Other","2017-02-17",13
"Other","2017-02-18",17
"Other","2017-02-19",15
"Other","2017-02-20",16
"Other","2017-02-21",16
"Other","2017-02-22",14
"Other","2017-02-23",7
"Other","2017-02-24",1
"Other","2017-02-25",5
"Other","2017-02-26",2
"Other","2017-02-27",7
"Other","2017-02-28",3
"Other","2017-03-01",5
"Other","2017-03-02",6
"Other","2017-03-03",7
"Other","2017-03-09",25
"Other","2017-03-11",8
"Other","2017-03-12",36
"Other","2017-03-13",17
"Other","2017-03-14",14
"Other","2017-03-15",32
"Other","2017-03-17",36
"Other","2017-03-18",32
"Other","2017-03-19",5
"Other","2017-03-20",60
"Other","2017-03-21",37
"Other","2017-03-22",13
"Other","2017-03-23",53
"Other","2017-03-24",65
"Other","2017-03-25",20
"Other","2017-03-26",6
"Other","2017-03-28",17
"Other","2017-03-29",59
"Other","2017-03-30",34
"Other","2017-03-31",32
"Other","2017-04-01",8
"Other","2017-04-02",6
"Other","2017-04-03",12
"Other","2017-04-04",67
"Other","2017-04-05",27
"Other","2017-04-06",43
"Other","2017-04-10",5
"Other","2017-04-11",21
"Other","2017-04-12",29
"Other","2017-04-13",98
"Other","2017-04-14",73
"Other","2017-04-15",75
"Other","2017-04-16",37
"Other","2017-04-17",84
"Other","2017-04-18",67
"Other","2017-04-19",69
"Other","2017-04-20",30
"Other","2017-04-21",42
"Other","2017-04-22",18
"Other","2017-04-23",32
"Other","2017-04-24",24
"Other","2017-04-25",53
"Other","2017-04-26",41
"Other","2017-04-27",26
"Other","2017-04-28",45
"Other","2017-04-29",26
"Other","2017-04-30",23
"Other","2017-05-01",23
"Other","2017-05-02",58
"Other","2017-05-03",41
"Other","2017-05-04",68
"Other","2017-05-05",83
"Other","2017-05-06",14
"Other","2017-05-07",73
"Other","2017-05-08",80
"Other","2017-05-09",72
"Other","2017-05-10",107
"Other","2017-05-11",41
"Other","2017-05-12",10
"Other","2017-05-13",31
"Other","2017-05-14",10
"Other","2017-05-15",68
"Other","2017-05-16",19
"Other","2017-05-17",9
"Other","2017-05-18",29
"Other","2017-05-19",33
"Other","2017-05-20",30
"Other","2017-05-21",4
"Other","2017-05-22",51
"Other","2017-05-23",8
"Other","2017-05-24",12
"Other","2017-05-25",28
"Other","2017-05-26",15
"Other","2017-05-27",21
"Other","2017-05-28",8
"Other","2017-05-29",21
"Other","2017-05-30",44
"Other","2017-05-31",60
"Other","2017-06-01",91
"Other","2017-06-02",67
"Other","2017-06-03",11
"Other","2017-06-04",9
"Other","2017-06-05",20
"Other","2017-06-06",7
"Other","2017-06-07",22
"Other","2017-06-08",15
"Other","2017-06-09",67
"Other","2017-06-10",28
"Other","2017-06-11",95
"Other","2017-06-12",101
"Other","2017-06-13",73
"Other","2017-06-14",39
"Other","2017-06-15",19
"Other","2017-06-16",91
"Other","2017-06-17",20
"Other","2017-06-18",11
"Other","2017-06-19",7
"Other","2017-06-20",86
"Other","2017-06-21",99
"Other","2017-06-22",89
"Other","2017-06-23",71
"Other","2017-06-24",53
"Other","2017-06-25",34
"Other","2017-06-26",16
"Other","2017-06-27",23
"Other","2017-06-28",22
"Other","2017-06-29",87
"Other","2017-06-30",23
"Other","2017-07-01",124
"Other","2017-07-02",85
"Other","2017-07-03",88
"Other","2017-07-04",52
"Other","2017-07-05",73
"Other","2017-07-06",102
"Other","2017-07-07",48
"Other","2017-07-08",2
"Other","2017-07-09",9
"Other","2017-07-10",3
"Other","2017-07-11",13
"Other","2017-07-12",10
"Other","2017-07-13",5
"Other","2017-07-14",43
"Other","2017-07-15",11
"Other","2017-07-16",14
"Other","2017-07-17",19
"Other","2017-07-18",11
"Other","2017-07-19",11
"Other","2017-07-20",8
"Other","2017-07-21",8
"Other","2017-07-22",2
"Other","2017-07-23",18
"Other","2017-07-24",17
"Other","2017-07-25",7
"Other","2017-07-26",23
"Other","2017-07-27",7
"Other","2017-07-28",21
"Other","2017-07-29",16
"Other","2017-07-30",18
"Other","2017-07-31",19
"Other","2017-08-01",17
"Other","2017-08-02",9
"Other","2017-08-03",15
"Other","2017-08-04",45
"Other","2017-08-05",12
"Other","2017-08-06",12
"Other","2017-08-07",33
"Other","2017-08-08",28
"Other","2017-08-09",26
"Other","2017-08-10",19
"Other","2017-08-11",29
"Other","2017-08-12",37
"Other","2017-08-13",26
"Other","2017-08-14",14
"Other","2017-08-15",37
"Other","2017-08-16",34
"Other","2017-08-17",56
"Other","2017-08-18",50
"Other","2017-08-19",13
"Other","2017-08-20",14
"Other","2017-08-21",20
"Other","2017-08-22",10
"Other","2017-08-23",8
"Other","2017-08-24",8
"Other","2017-08-25",12
"Other","2017-08-26",7
"Other","2017-08-27",11
"Other","2017-08-28",24
"Other","2017-08-29",44
"Other","2017-08-30",58
"Other","2017-08-31",24
"Other","2017-09-01",18
"Other","2017-09-02",10
"Other","2017-09-03",27
"Other","2017-09-04",39
"Other","2017-09-05",32
"Other","2017-09-06",23
"Other","2017-09-07",60
"Other","2017-09-08",65
"Other","2017-09-09",19
"Other","2017-09-10",30
"Other","2017-09-11",70
"Other","2017-09-12",61
"Other","2017-09-13",88
"Other","2017-09-14",57
"Other","2017-09-15",10
"Other","2017-09-16",20
"Other","2017-09-17",15
"Other","2017-09-18",27
"Other","2017-09-19",15
"Other","2017-09-20",44
"Other","2017-09-21",103
"Other","2017-09-22",60
"Other","2017-09-23",77
"Other","2017-09-24",87
"Other","2017-09-25",45
"Other","2017-09-26",85
"Other","2017-09-27",59
"Other","2017-09-28",74
"Other","2017-09-29",88
"Other","2017-09-30",113
"Other","2017-10-01",70
"Other","2017-10-02",65
"Other","2017-10-03",28
"Other","2017-10-04",41
"Other","2017-10-05",26
"Other","2017-10-06",69
"Other","2017-10-07",63
"Other","2017-10-08",41
"Other","2017-10-09",35
"Other","2017-10-10",44
"Other","2017-10-11",5
"Other","2017-10-12",80
"Other","2017-10-13",74
"Other","2017-10-14",48
"Other","2017-10-15",33
"Other","2017-10-16",48
"Other","2017-10-17",42
"Other","2017-10-18",88
"Other","2017-10-19",37
"Other","2017-10-20",45
"Other","2017-10-21",17
"Other","2017-10-22",52
"Other","2017-10-23",18
"Other","2017-10-24",28
"Other","2017-10-25",68
"Other","2017-10-26",87
"Other","2017-11-07",102
"Other","2017-11-08",68
"Other","2017-11-09",57
"Other","2017-11-10",57
"Other","2017-11-11",73
"Other","2017-11-12",38
"Other","2017-11-13",47
"Other","2017-11-14",80
"Other","2017-11-15",147
"Other","2017-11-16",117
"Other","2017-11-17",83
"Other","2017-11-18",62
"Other","2017-11-19",160
"Other","2017-11-20",75
"Other","2017-11-22",3
"Other","2017-11-23",11
"Other","2017-11-24",14
"Other","2017-11-25",11
"Other","2017-11-26",7
"Other","2017-11-27",3
"Other","2017-11-28",3
"Other","2017-11-29",36
"Other","2017-11-30",4
"Other","2017-12-01",6
"Other","2017-12-02",6
"Other","2017-12-03",39
"Other","2017-12-04",12
"Other","2017-12-05",4
"Other","2017-12-06",6
"Other","2017-12-07",6
"Other","2017-12-08",3
"Other","2017-12-09",2
"Other","2017-12-10",22
"Other","2017-12-11",9
"Other","2017-12-12",21
"Other","2017-12-13",19
"Other","2017-12-14",11
"Other","2017-12-15",25
"Other","2017-12-16",22
"Other","2017-12-17",17
"Other","2017-12-18",22
"Other","2017-12-19",16
"Other","2017-12-20",7
"Other","2017-12-21",27
"Other","2017-12-22",8
"Other","2017-12-23",18
"Other","2017-12-24",25
"Other","2017-12-25",12
"Other","2017-12-26",29
"Other","2017-12-27",9
"Other","2017-12-28",15
"Other","2017-12-29",21
"Other","2017-12-30",35
"Other","2017-12-31",22
"Other","2018-01-01",27
"Other","2018-01-02",10
"Other","2018-01-03",26
"Other","2018-01-04",12
"Other","2018-01-05",28
"Other","2018-01-06",30
"Other","2018-01-07",26
"Other","2018-01-08",13
"Other","2018-01-09",33
"Other","2018-01-10",11
"Other","2018-01-11",27
"Other","2018-01-12",29
"Other","2018-01-13",13
"Other","2018-01-14",12
"Other","2018-01-15",13
"Other","2018-01-16",4
"Other","2018-01-17",3
"Other","2018-01-18",5
"Other","2018-01-19",13
"Other","2018-01-20",5
"Other","2018-01-21",5
"Other","2018-01-22",9
"Other","2018-01-23",11
"Other","2018-01-24",6
"Other","2018-01-25",10
"Other","2018-01-26",6
"Other","2018-01-27",9
"Other","2018-01-28",9
"Other","2018-01-29",8
"Other","2018-01-30",13
"Other","2018-01-31",12
"Other","2018-02-01",10
"Other","2018-02-02",13
"Other","2018-02-03",23
"Other","2018-02-04",21
"Other","2018-02-05",27
"Other","2018-02-06",39
"Other","2018-02-07",37
"Other","2018-02-08",21
"Other","2018-02-09",15
"Other","2018-02-10",39
"Other","2018-02-11",16
"Other","2018-02-12",44
"Other","2018-02-13",42
"Other","2018-02-14",24
"Other","2018-02-15",24
"Other","2018-02-16",27
"Other","2018-02-17",22
"Other","2018-02-18",14
"Other","2018-02-19",41
"Other","2018-02-20",22
"Other","2018-02-21",23
"Other","2018-02-22",33
"Other","2018-02-23",16
"Other","2018-02-24",41
"Other","2018-02-25",10
"Other","2018-02-26",27
"Unknown","2016-11-06",11
"Unknown","2016-11-07",3
"Unknown","2016-11-08",10
"Unknown","2016-11-09",10
"Unknown","2016-11-10",11
"Unknown","2016-11-11",9
"Unknown","2016-11-12",6
"Unknown","2016-11-13",12
"Unknown","2016-11-14",4
"Unknown","2016-11-15",6
"Unknown","2016-11-16",7
"Unknown","2016-11-17",4
"Unknown","2016-11-18",6
"Unknown","2016-11-19",6
"Unknown","2016-11-20",5
"Unknown","2016-11-21",6
"Unknown","2016-11-22",9
"Unknown","2016-11-23",7
"Unknown","2016-11-24",8
"Unknown","2016-11-25",5
"Unknown","2016-11-26",2
"Unknown","2016-11-27",7
"Unknown","2016-11-28",4
"Unknown","2016-11-29",2
"Unknown","2016-11-30",6
"Unknown","2016-12-01",8
"Unknown","2016-12-02",6
"Unknown","2016-12-03",8
"Unknown","2016-12-04",5
"Unknown","2016-12-05",8
"Unknown","2016-12-06",5
"Unknown","2016-12-07",6
"Unknown","2016-12-08",5
"Unknown","2016-12-09",2
"Unknown","2016-12-10",21
"Unknown","2016-12-11",8
"Unknown","2016-12-12",7
"Unknown","2016-12-13",14
"Unknown","2016-12-14",10
"Unknown","2016-12-15",2
"Unknown","2016-12-16",4
"Unknown","2016-12-17",4
"Unknown","2016-12-18",5
"Unknown","2016-12-19",3
"Unknown","2016-12-20",6
"Unknown","2016-12-21",5
"Unknown","2016-12-28",8
"Unknown","2016-12-29",7
"Unknown","2016-12-30",11
"Unknown","2016-12-31",9
"Unknown","2017-01-01",10
"Unknown","2017-01-02",6
"Unknown","2017-01-03",10
"Unknown","2017-01-04",5
"Unknown","2017-01-05",6
"Unknown","2017-01-06",8
"Unknown","2017-01-07",5
"Unknown","2017-01-08",2
"Unknown","2017-01-09",4
"Unknown","2017-01-10",4
"Unknown","2017-01-11",3
"Unknown","2017-01-12",7
"Unknown","2017-01-13",4
"Unknown","2017-01-14",7
"Unknown","2017-01-15",5
"Unknown","2017-01-16",8
"Unknown","2017-01-17",2
"Unknown","2017-01-18",7
"Unknown","2017-01-19",8
"Unknown","2017-01-20",13
"Unknown","2017-01-21",9
"Unknown","2017-01-22",12
"Unknown","2017-01-23",11
"Unknown","2017-01-24",13
"Unknown","2017-01-25",5
"Unknown","2017-01-26",4
"Unknown","2017-01-27",6
"Unknown","2017-01-28",12
"Unknown","2017-01-29",9
"Unknown","2017-01-30",3
"Unknown","2017-01-31",4
"Unknown","2017-02-01",3
"Unknown","2017-02-02",1
"Unknown","2017-02-03",0
"Unknown","2017-02-04",1
"Unknown","2017-02-05",7
"Unknown","2017-02-06",3
"Unknown","2017-02-07",3
"Unknown","2017-02-08",5
"Unknown","2017-02-09",4
"Unknown","2017-02-10",7
"Unknown","2017-02-11",4
"Unknown","2017-02-12",3
"Unknown","2017-02-13",5
"Unknown","2017-02-14",9
"Unknown","2017-02-15",9
"Unknown","2017-02-16",9
"Unknown","2017-02-17",8
"Unknown","2017-02-18",9
"Unknown","2017-02-19",5
"Unknown","2017-02-20",7
"Unknown","2017-02-21",9
"Unknown","2017-02-22",10
"Unknown","2017-02-23",7
"Unknown","2017-02-24",1
"Unknown","2017-02-25",5
"Unknown","2017-02-26",3
"Unknown","2017-02-27",8
"Unknown","2017-02-28",8
"Unknown","2017-03-01",10
"Unknown","2017-03-02",7
"Unknown","2017-03-03",2
"Unknown","2017-03-09",3
"Unknown","2017-03-11",4
"Unknown","2017-03-12",1
"Unknown","2017-03-13",6
"Unknown","2017-03-14",5
"Unknown","2017-03-15",10
"Unknown","2017-03-17",4
"Unknown","2017-03-18",14
"Unknown","2017-03-19",3
"Unknown","2017-03-20",6
"Unknown","2017-03-21",4
"Unknown","2017-03-22",7
"Unknown","2017-03-23",6
"Unknown","2017-03-24",6
"Unknown","2017-03-25",2
"Unknown","2017-03-26",6
"Unknown","2017-03-28",5
"Unknown","2017-03-29",8
"Unknown","2017-03-30",4
"Unknown","2017-03-31",7
"Unknown","2017-04-01",6
"Unknown","2017-04-02",3
"Unknown","2017-04-03",6
"Unknown","2017-04-04",9
"Unknown","2017-04-05",6
"Unknown","2017-04-06",1
"Unknown","2017-04-10",2
"Unknown","2017-04-11",5
"Unknown","2017-04-12",4
"Unknown","2017-04-13",5
"Unknown","2017-04-14",14
"Unknown","2017-04-15",10
"Unknown","2017-04-16",7
"Unknown","2017-04-17",5
"Unknown","2017-04-18",8
"Unknown","2017-04-19",9
"Unknown","2017-04-20",7
"Unknown","2017-04-21",4
"Unknown","2017-04-22",5
"Unknown","2017-04-23",6
"Unknown","2017-04-24",1
"Unknown","2017-04-25",8
"Unknown","2017-04-26",5
"Unknown","2017-04-27",4
"Unknown","2017-04-28",11
"Unknown","2017-04-29",2
"Unknown","2017-04-30",5
"Unknown","2017-05-01",5
"Unknown","2017-05-02",10
"Unknown","2017-05-03",9
"Unknown","2017-05-04",13
"Unknown","2017-05-05",2
"Unknown","2017-05-06",7
"Unknown","2017-05-07",8
"Unknown","2017-05-08",9
"Unknown","2017-05-09",2
"Unknown","2017-05-10",14
"Unknown","2017-05-11",6
"Unknown","2017-05-12",5
"Unknown","2017-05-13",3
"Unknown","2017-05-14",8
"Unknown","2017-05-15",5
"Unknown","2017-05-16",9
"Unknown","2017-05-17",8
"Unknown","2017-05-18",6
"Unknown","2017-05-19",7
"Unknown","2017-05-20",2
"Unknown","2017-05-21",5
"Unknown","2017-05-22",11
"Unknown","2017-05-23",5
"Unknown","2017-05-24",5
"Unknown","2017-05-25",2
"Unknown","2017-05-26",3
"Unknown","2017-05-27",4
"Unknown","2017-05-28",6
"Unknown","2017-05-29",3
"Unknown","2017-05-30",2
"Unknown","2017-05-31",5
"Unknown","2017-06-01",5
"Unknown","2017-06-02",6
"Unknown","2017-06-03",9
"Unknown","2017-06-04",4
"Unknown","2017-06-05",2
"Unknown","2017-06-06",2
"Unknown","2017-06-07",7
"Unknown","2017-06-08",5
"Unknown","2017-06-09",4
"Unknown","2017-06-10",6
"Unknown","2017-06-11",8
"Unknown","2017-06-12",6
"Unknown","2017-06-13",2
"Unknown","2017-06-14",7
"Unknown","2017-06-15",6
"Unknown","2017-06-16",8
"Unknown","2017-06-17",9
"Unknown","2017-06-18",11
"Unknown","2017-06-19",5
"Unknown","2017-06-20",8
"Unknown","2017-06-21",7
"Unknown","2017-06-22",9
"Unknown","2017-06-23",3
"Unknown","2017-06-24",2
"Unknown","2017-06-25",3
"Unknown","2017-06-26",3
"Unknown","2017-06-27",5
"Unknown","2017-06-28",12
"Unknown","2017-06-29",6
"Unknown","2017-06-30",5
"Unknown","2017-07-01",11
"Unknown","2017-07-02",9
"Unknown","2017-07-03",1
"Unknown","2017-07-04",26
"Unknown","2017-07-05",11
"Unknown","2017-07-06",10
"Unknown","2017-07-07",2
"Unknown","2017-07-08",4
"Unknown","2017-07-09",3
"Unknown","2017-07-10",5
"Unknown","2017-07-11",8
"Unknown","2017-07-12",17
"Unknown","2017-07-13",15
"Unknown","2017-07-14",5
"Unknown","2017-07-15",11
"Unknown","2017-07-16",10
"Unknown","2017-07-17",9
"Unknown","2017-07-18",19
"Unknown","2017-07-19",5
"Unknown","2017-07-20",8
"Unknown","2017-07-21",4
"Unknown","2017-07-22",8
"Unknown","2017-07-23",17
"Unknown","2017-07-24",6
"Unknown","2017-07-25",16
"Unknown","2017-07-26",12
"Unknown","2017-07-27",24
"Unknown","2017-07-28",7
"Unknown","2017-07-29",13
"Unknown","2017-07-30",4
"Unknown","2017-07-31",7
"Unknown","2017-08-01",15
"Unknown","2017-08-02",12
"Unknown","2017-08-03",11
"Unknown","2017-08-04",18
"Unknown","2017-08-05",12
"Unknown","2017-08-06",13
"Unknown","2017-08-07",13
"Unknown","2017-08-08",20
"Unknown","2017-08-09",19
"Unknown","2017-08-10",20
"Unknown","2017-08-11",21
"Unknown","2017-08-12",27
"Unknown","2017-08-13",24
"Unknown","2017-08-14",18
"Unknown","2017-08-15",13
"Unknown","2017-08-16",18
"Unknown","2017-08-17",17
"Unknown","2017-08-18",29
"Unknown","2017-08-19",18
"Unknown","2017-08-20",21
"Unknown","2017-08-21",7
"Unknown","2017-08-22",13
"Unknown","2017-08-23",19
"Unknown","2017-08-24",18
"Unknown","2017-08-25",20
"Unknown","2017-08-26",26
"Unknown","2017-08-27",30
"Unknown","2017-08-28",17
"Unknown","2017-08-29",7
"Unknown","2017-08-30",1
"Unknown","2017-08-31",9
"Unknown","2017-09-01",7
"Unknown","2017-09-02",16
"Unknown","2017-09-03",17
"Unknown","2017-09-04",11
"Unknown","2017-09-05",11
"Unknown","2017-09-06",8
"Unknown","2017-09-07",6
"Unknown","2017-09-08",11
"Unknown","2017-09-09",9
"Unknown","2017-09-10",17
"Unknown","2017-09-11",22
"Unknown","2017-09-12",14
"Unknown","2017-09-13",14
"Unknown","2017-09-14",10
"Unknown","2017-09-15",11
"Unknown","2017-09-16",16
"Unknown","2017-09-17",8
"Unknown","2017-09-18",15
"Unknown","2017-09-19",4
"Unknown","2017-09-20",6
"Unknown","2017-09-21",7
"Unknown","2017-09-22",15
"Unknown","2017-09-23",17
"Unknown","2017-09-24",12
"Unknown","2017-09-25",14
"Unknown","2017-09-26",23
"Unknown","2017-09-27",14
"Unknown","2017-09-28",29
"Unknown","2017-09-29",21
"Unknown","2017-09-30",10
"Unknown","2017-10-01",20
"Unknown","2017-10-02",4
"Unknown","2017-10-03",17
"Unknown","2017-10-04",4
"Unknown","2017-10-05",18
"Unknown","2017-10-06",26
"Unknown","2017-10-07",11
"Unknown","2017-10-08",7
"Unknown","2017-10-09",15
"Unknown","2017-10-10",9
"Unknown","2017-10-11",8
"Unknown","2017-10-12",14
"Unknown","2017-10-13",4
"Unknown","2017-10-14",14
"Unknown","2017-10-15",20
"Unknown","2017-10-16",5
"Unknown","2017-10-17",12
"Unknown","2017-10-18",13
"Unknown","2017-10-19",14
"Unknown","2017-10-20",8
"Unknown","2017-10-21",9
"Unknown","2017-10-22",14
"Unknown","2017-10-23",6
"Unknown","2017-10-24",22
"Unknown","2017-10-25",14
"Unknown","2017-10-26",23
"Unknown","2017-11-07",4
"Unknown","2017-11-08",9
"Unknown","2017-11-09",13
"Unknown","2017-11-10",17
"Unknown","2017-11-11",21
"Unknown","2017-11-12",7
"Unknown","2017-11-13",28
"Unknown","2017-11-14",19
"Unknown","2017-11-15",15
"Unknown","2017-11-16",9
"Unknown","2017-11-17",14
"Unknown","2017-11-18",5
"Unknown","2017-11-19",12
"Unknown","2017-11-20",13
"Unknown","2017-11-22",23
"Unknown","2017-11-23",5
"Unknown","2017-11-24",5
"Unknown","2017-11-25",15
"Unknown","2017-11-26",3
"Unknown","2017-11-27",8
"Unknown","2017-11-28",11
"Unknown","2017-11-29",4
"Unknown","2017-11-30",6
"Unknown","2017-12-01",12
"Unknown","2017-12-02",10
"Unknown","2017-12-03",18
"Unknown","2017-12-04",14
"Unknown","2017-12-05",3
"Unknown","2017-12-06",5
"Unknown","2017-12-07",3
"Unknown","2017-12-08",6
"Unknown","2017-12-09",1
"Unknown","2017-12-10",2
"Unknown","2017-12-11",6
"Unknown","2017-12-12",3
"Unknown","2017-12-13",5
"Unknown","2017-12-14",7
"Unknown","2017-12-15",2
"Unknown","2017-12-16",4
"Unknown","2017-12-17",0
"Unknown","2017-12-18",6
"Unknown","2017-12-19",4
"Unknown","2017-12-20",6
"Unknown","2017-12-21",2
"Unknown","2017-12-22",3
"Unknown","2017-12-23",10
"Unknown","2017-12-24",3
"Unknown","2017-12-25",3
"Unknown","2017-12-26",6
"Unknown","2017-12-27",5
"Unknown","2017-12-28",5
"Unknown","2017-12-29",9
"Unknown","2017-12-30",8
"Unknown","2017-12-31",15
"Unknown","2018-01-01",7
"Unknown","2018-01-02",5
"Unknown","2018-01-03",6
"Unknown","2018-01-04",8
"Unknown","2018-01-05",31
"Unknown","2018-01-06",8
"Unknown","2018-01-07",10
"Unknown","2018-01-08",4
"Unknown","2018-01-09",6
"Unknown","2018-01-10",7
"Unknown","2018-01-11",10
"Unknown","2018-01-12",6
"Unknown","2018-01-13",9
"Unknown","2018-01-14",6
"Unknown","2018-01-15",5
"Unknown","2018-01-16",5
"Unknown","2018-01-17",7
"Unknown","2018-01-18",6
"Unknown","2018-01-19",8
"Unknown","2018-01-20",9
"Unknown","2018-01-21",11
"Unknown","2018-01-22",8
"Unknown","2018-01-23",1
"Unknown","2018-01-24",5
"Unknown","2018-01-25",2
"Unknown","2018-01-26",3
"Unknown","2018-01-27",5
"Unknown","2018-01-28",7
"Unknown","2018-01-29",3
"Unknown","2018-01-30",9
"Unknown","2018-01-31",7
"Unknown","2018-02-01",2
"Unknown","2018-02-02",1
"Unknown","2018-02-03",11
"Unknown","2018-02-04",4
"Unknown","2018-02-05",3
"Unknown","2018-02-06",8
"Unknown","2018-02-07",6
"Unknown","2018-02-08",4
"Unknown","2018-02-09",8
"Unknown","2018-02-10",4
"Unknown","2018-02-11",4
"Unknown","2018-02-12",21
"Unknown","2018-02-13",4
"Unknown","2018-02-14",5
"Unknown","2018-02-15",4
"Unknown","2018-02-16",6
"Unknown","2018-02-17",18
"Unknown","2018-02-18",18
"Unknown","2018-02-19",17
"Unknown","2018-02-20",19
"Unknown","2018-02-21",22
"Unknown","2018-02-22",4
"Unknown","2018-02-23",6
"Unknown","2018-02-24",12
"Unknown","2018-02-25",7
"Unknown","2018-02-26",4
